jprg3050.16i
     1.0            IONOSPHERE MAPS     GPS                 IONEX VERSION / TYPE
GIM V3.0            JPL - GNISD         01-nov-2016 06:43   PGM / RUN BY / DATE 
JPL'S GLOBAL IONOSPHERE MAPS YEAR 2016 DAY 305              COMMENT             
Global Ionospheric Maps (GIM) are generated on an hourly    DESCRIPTION         
and daily basis at JPL using data from up to 100 GPS sites  DESCRIPTION         
of the IGS and others institutions.                         DESCRIPTION         
The vertical TEC is modeled in a solar-geomagnetic          DESCRIPTION         
reference frame using bi-cubic splines on a spherical grid. DESCRIPTION         
A Kalman filter is used to solve simultaneously for         DESCRIPTION         
instrumental biases and VTEC on the grid (as stochastic     DESCRIPTION         
parameters).                                                DESCRIPTION         
Contact Address:  gpsiono@cobra.jpl.nasa.gov .              DESCRIPTION         
  2016    10    31     0     0     0                        EPOCH OF FIRST MAP  
  2016    11     1     0     0     0                        EPOCH OF LAST MAP   
  7200                                                      INTERVAL            
    13                                                      # OF MAPS IN FILE   
  NONE                                                      MAPPING FUNCTION    
    10.0                                                    ELEVATION CUTOFF    
One-way carrier phase leveled to code                       OBSERVABLES USED    
   170                                                      # OF STATIONS       
    31                                                      # OF SATELLITES     
  6371.0                                                    BASE RADIUS         
     2                                                      MAP DIMENSION       
   450.0 450.0   0.0                                        HGT1 / HGT2 / DHGT  
    87.5 -87.5  -2.5                                        LAT1 / LAT2 / DLAT  
  -180.0 180.0   5.0                                        LON1 / LON2 / DLON  
    -1                                                      EXPONENT            
TEC/RMS values in 0.1 TECU; 9999, if no value available     COMMENT             
                                                            END OF HEADER       
[from data line 429]
     2                                                      START OF TEC MAP    
  2016    10    31     2     0     0                        EPOCH OF CURRENT MAP
    87.5-180.0 180.0   5.0 450.0                            LAT/LON1/LON2/DLON/H
   57   57   56   56   56   56   55   55   55   54   54   53   53   53   52   52
   52   51   51   51   51   51   50   50   50   50   50   50   50   50   49   49
   49   49   49   49   50   50   50   50   50   50   50   50   51   51   51   51
   52   52   52   53   53   53   54   54   55   55   55   56   56   56   57   57
   57   57   57   57   57   57   57   57   57
    85.0-180.0 180.0   5.0 450.0                            LAT/LON1/LON2/DLON/H
   62   61   61   60   59   58   57   56   56   55   54   53   52   52   51   51
   50   50   49   49   49   49   48   48   48   48   48   48   48   47   47   47
   47   47   47   48   48   48   48   48   48   48   48   49   49   49   50   50
   50   51   51   52   53   53   54   55   56   57   58   58   59   60   61   61
   62   62   63   63   63   63   63   62   62
    82.5-180.0 180.0   5.0 450.0                            LAT/LON1/LON2/DLON/H
   67   66   65   63   62   61   59   57   56   55   53   52   51   50   49   49
   48   48   48   47   47   47   47   47   47   47   47   47   47   46   46   46
   46   47   47   47   47   47   47   47   47   48   48   48   48   48   48   49
   49   49   50   51   52   53   54   55   56   58   59   61   62   63   65   66
   67   68   68   69   69   69   68   68   67
    80.0-180.0 180.0   5.0 450.0                            LAT/LON1/LON2/DLON/H
   72   70   69   67   65   62   60   58   55   53   52   50   49   48   47   47
   46   46   46   46   46   47   47   47   47   47   47   47   46   46   46   46
   46   46   46   46   47   47   47   47   47   48   48   47   47   47   47   47
   47   48   48   49   50   51   53   54   56   58   60   62   64   66   68   69
   71   72   73   74   74   74   74   73   72
    77.5-180.0 180.0   5.0 450.0                            LAT/LON1/LON2/DLON/H
   76   74   72   70   67   64   60   57   55   52   50   48   47   46   45   45
   45   45   45   46   46   47   47   48   48   48   48   47   47   47   46   46
   46   46   46   47   47   47   48   48   48   48   47   47   47   46   46   46
   46   46   46   47   47   49   50   52   54   57   59   62   64   67   69   71
   73   75   77   78   78   78   78   77   76
    75.0-180.0 180.0   5.0 450.0                            LAT/LON1/LON2/DLON/H
   79   77   75   72   68   65   61   57   54   51   48   47   45   44   44   44
   44   45   46   46   47   48   49   50   50   50   50   49   48   48   47   46
   46   46   46   47   47   48   48   48   48   47   47   46   46   45   44   43
   43   43   43   43   44   46   48   50   52   55   57   60   63   66   69   72
   74   76   78   79   80   81   81   80   79
    72.5-180.0 180.0   5.0 450.0                            LAT/LON1/LON2/DLON/H
   81   79   77   74   70   66   62   58   54   50   48   46   44   43   43   43
   44   45   46   47   49   50   51   52   52   52   52   51   50   49   47   46
   45   45   45   46   46   47   47   47   47   46   45   44   43   42   41   40
   39   39   40   40   41   43   45   48   50   53   56   59   62   66   68   71
   74   76   78   79   81   81   82   82   81
    70.0-180.0 180.0   5.0 450.0                            LAT/LON1/LON2/DLON/H
   82   81   79   76   72   68   63   59   55   51   48   45   44   43   42   43
   44   45   46   48   49   51   52   53   54   54   53   53   51   50   48   46
   44   43   43   44   45   45   45   45   44   43   41   40   39   37   37   36
   36   36   37   38   39   42   44   47   50   53   56   60   63   66   69   71
   74   76   77   79   80   81   82   82   82
    67.5-180.0 180.0   5.0 450.0                            LAT/LON1/LON2/DLON/H
   83   83   81   79   75   71   67   62   57   53   49   46   44   43   42   43
   43   44   46   47   49   51   52   53   53   53   53   52   51   50   47   45
   43   41   41   41   42   42   42   41   40   38   37   35   34   33   32   32
   32   33   35   37   39   42   45   49   53   56   59   62   65   68   71   73
   75   77   78   79   81   82   83   83   83
    65.0-180.0 180.0   5.0 450.0                            LAT/LON1/LON2/DLON/H
   85   85   85   83   80   76   71   66   62   57   52   49   46   44   43   42
   42   43   44   45   47   48   49   50   50   50   51   50   50   48   46   43
   41   39   38   38   38   38   37   37   35   33   32   30   29   29   29   29
   30   32   34   37   41   45   50   54   58   62   66   69   71   74   76   77
   79   80   81   82   83   83   84   85   85
    62.5-180.0 180.0   5.0 450.0                            LAT/LON1/LON2/DLON/H
   89   89   88   87   85   81   77   73   68   62   57   53   49   46   44   43
   42   42   42   43   44   45   45   46   46   46   47   47   47   47   45   42
   39   36   34   34   33   33   33   32   31   29   28   27   27   27   27   29
   30   33   36   41   46   51   57   62   67   71   75   78   80   82   83   84
   85   86   86   87   87   88   88   88   89
    60.0-180.0 180.0   5.0 450.0                            LAT/LON1/LON2/DLON/H
   92   93   93   92   90   87   84   79   74   69   63   58   53   49   46   43
   42   41   40   40   40   41   41   41   42   42   43   44   45   45   43   41
   37   34   32   30   30   30   30   29   28   27   27   27   27   28   29   30
   33   36   40   46   52   58   65   72   78   83   86   89   91   93   93   94
   94   94   94   94   94   94   93   93   92
    57.5-180.0 180.0   5.0 450.0                            LAT/LON1/LON2/DLON/H
   97   97   97   96   95   92   89   85   81   76   70   64   58   53   49   46
   43   41   40   39   38   37   37   38   38   39   40   42   43   43   42   40
   37   33   30   29   28   28   28   29   29   29   30   30   31   31   32   34
   36   40   45   52   59   67   75   83   90   95   99  102  104  105  105  104
  104  103  103  103  102  101   99   98   97
    55.0-180.0 180.0   5.0 450.0                            LAT/LON1/LON2/DLON/H
  102  101  100   99   98   96   93   90   86   82   76   69   63   57   53   49
   46   43   41   39   37   36   36   36   37   38   40   42   43   44   43   40
   37   34   31   29   29   29   30   32   33   34   35   36   37   37   38   39
   41   45   51   59   68   77   86   94  102  108  113  116  118  119  118  117
  115  114  113  112  111  109  107  104  102
    52.5-180.0 180.0   5.0 450.0                            LAT/LON1/LON2/DLON/H
  109  106  104  103  100   97   94   92   89   85   80   74   68   62   56   53
   49   46   44   41   39   37   36   37   38   40   42   44   45   45   44   42
   39   36   33   32   32   34   35   38   40   42   43   44   44   44   44   44
   46   50   57   66   76   86   96  105  114  120  126  130  132  133  132  129
  126  124  122  121  120  118  115  112  109
    50.0-180.0 180.0   5.0 450.0                            LAT/LON1/LON2/DLON/H
  117  113  109  106  102   98   95   92   90   87   83   78   72   65   60   56
   53   50   47   44   42   40   39   40   42   44   46   48   49   48   46   44
   42   39   38   38   39   41   43   45   48   50   52   52   52   51   50   50
   51   55   63   74   85   96  106  116  125  132  138  143  146  147  145  141
  137  134  131  129  128  128  125  122  117
    47.5-180.0 180.0   5.0 450.0                            LAT/LON1/LON2/DLON/H
  127  121  115  110  105   99   95   92   89   87   84   80   74   67   62   58
   55   53   51   49   47   45   45   45   47   49   52   53   53   52   49   47
   46   45   45   46   47   49   51   53   56   59   60   60   59   57   56   54
   56   60   70   81   94  105  116  126  135  143  149  154  158  159  157  153
  147  143  139  138  138  138  137  133  127
    45.0-180.0 180.0   5.0 450.0                            LAT/LON1/LON2/DLON/H
  138  130  123  116  109  102   97   93   89   87   85   81   76   68   62   58
   57   56   55   54   52   52   52   53   54   56   58   60   59   57   53   52
   51   52   53   54   56   57   59   61   63   65   66   66   65   63   60   59
   60   66   76   89  102  114  125  135  144  152  158  163  167  168  166  162
  156  151  148  146  148  150  150  146  138
    42.5-180.0 180.0   5.0 450.0                            LAT/LON1/LON2/DLON/H
  150  140  131  123  115  108  101   95   91   87   86   83   77   69   61   57
   57   58   58   59   59   60   61   62   63   64   66   67   66   62   58   56
   56   58   60   62   63   64   64   66   68   70   71   71   69   67   65   63
   65   71   83   97  111  122  133  143  152  159  165  169  173  175  173  169
  164  160  157  157  159  162  163  159  150
    40.0-180.0 180.0   5.0 450.0                            LAT/LON1/LON2/DLON/H
  162  150  140  130  122  114  107  100   94   89   87   85   79   70   61   57
   58   60   62   64   66   69   71   72   71   72   73   74   72   67   62   60
   61   63   66   69   69   69   68   69   71   73   75   74   73   70   68   67
   70   78   91  105  119  129  140  149  158  165  170  174  178  180  179  176
  172  169  168  169  172  176  177  172  162
    37.5-180.0 180.0   5.0 450.0                            LAT/LON1/LON2/DLON/H
  173  160  148  137  128  121  114  106   98   93   91   88   82   73   64   59
   60   63   66   69   73   77   81   81   80   79   80   80   77   71   65   63
   64   67   71   74   74   72   71   71   73   75   77   77   75   72   70   70
   75   84   98  113  126  136  146  155  164  171  176  180  184  187  187  186
  184  184  184  186  188  191  190  184  173
    35.0-180.0 180.0   5.0 450.0                            LAT/LON1/LON2/DLON/H
  184  169  155  142  132  125  119  112  103   97   95   93   88   79   70   65
   64   67   71   75   80   85   89   89   87   85   84   83   80   73   68   65
   67   70   75   78   77   75   73   73   75   77   78   78   76   73   72   73
   78   89  105  120  133  142  151  161  170  177  183  189  194  198  200  202
  204  206  209  210  211  210  206  197  184
    32.5-180.0 180.0   5.0 450.0                            LAT/LON1/LON2/DLON/H
  199  180  162  146  134  126  122  116  108  102   99   98   94   87   79   73
   71   72   76   80   85   90   94   94   91   88   86   85   80   74   70   68
   70   74   79   82   81   78   75   75   76   77   78   79   77   73   72   74
   81   93  110  126  138  148  157  166  176  185  194  202  210  216  222  228
  235  241  245  246  244  238  229  216  199
    30.0-180.0 180.0   5.0 450.0                            LAT/LON1/LON2/DLON/H
  222  198  175  153  135  125  122  118  112  107  104  103  100   95   88   81
   78   79   82   85   89   93   97   96   93   90   87   84   80   76   73   72
   74   79   85   88   86   82   79   77   77   77   78   78   76   72   71   73
   82   95  112  129  142  153  162  173  184  195  207  220  232  241  251  265
  278  289  295  296  289  278  263  244  222
    27.5-180.0 180.0   5.0 450.0                            LAT/LON1/LON2/DLON/H
  255  225  195  166  142  127  123  121  116  111  108  106  104  101   95   89
   85   84   86   88   91   94   96   97   94   91   88   85   82   79   78   79
   82   87   93   96   93   88   83   80   78   76   76   76   74   70   68   72
   80   94  112  130  146  158  169  181  193  207  224  242  257  270  285  306
  327  344  354  356  347  332  310  284  255
    25.0-180.0 180.0   5.0 450.0                            LAT/LON1/LON2/DLON/H
  302  266  229  192  159  138  129  126  122  117  112  108  105  102   99   93
   89   87   87   88   90   92   94   95   94   92   90   89   87   87   88   90
   93  100  105  106  100   93   88   84   79   76   74   73   70   66   65   69
   78   93  111  131  149  164  177  191  206  224  245  267  285  301  320  346
  374  397  412  416  408  391  366  336  302
    22.5-180.0 180.0   5.0 450.0                            LAT/LON1/LON2/DLON/H
  356  318  277  234  192  161  145  138  132  125  117  109  103  100   97   93
   89   86   85   85   85   87   91   94   95   95   96   97   98  101  104  105
  108  114  118  116  107   99   92   86   80   75   71   69   65   62   61   66
   76   91  110  132  154  172  189  206  224  245  269  292  312  329  351  380
  411  438  456  464  460  445  421  391  356
    20.0-180.0 180.0   5.0 450.0                            LAT/LON1/LON2/DLON/H
  408  372  332  288  240  200  173  158  146  136  124  112  102   97   94   90
   86   82   79   77   78   81   86   92   97  102  106  110  115  120  123  123
  124  128  129  124  113  102   95   88   81   74   69   65   61   58   59   65
   76   91  111  135  160  183  203  224  247  271  295  318  337  354  373  399
  429  456  477  489  490  482  464  439  408
    17.5-180.0 180.0   5.0 450.0                            LAT/LON1/LON2/DLON/H
  449  420  386  344  296  248  211  186  168  152  136  119  105   97   92   89
   86   80   74   71   71   75   83   93  102  111  119  126  134  140  142  140
  138  138  137  128  114  103   96   90   82   74   67   62   58   56   57   65
   77   93  114  140  168  195  219  244  271  297  321  341  358  373  388  406
  427  449  469  482  488  490  485  471  449
    15.0-180.0 180.0   5.0 450.0                            LAT/LON1/LON2/DLON/H
  470  453  428  394  348  297  253  219  193  174  154  134  116  104   97   94
   92   85   75   69   69   74   85   98  112  124  135  144  152  159  160  155
  148  143  137  126  112  102   96   91   83   75   68   62   58   55   58   67
   80   97  118  145  176  206  233  262  292  320  342  359  375  388  398  405
  415  427  440  450  458  468  476  478  470
    12.5-180.0 180.0   5.0 450.0                            LAT/LON1/LON2/DLON/H
  467  463  449  426  387  339  291  251  221  198  177  156  136  121  112  109
  107  100   87   78   76   81   94  110  126  142  154  162  169  174  173  164
  151  142  132  120  107   99   96   92   86   79   72   66   61   57   60   70
   85  101  122  150  183  214  244  274  305  333  354  370  385  398  403  402
  400  401  405  409  415  429  448  463  467
    10.0-180.0 180.0   5.0 450.0                            LAT/LON1/LON2/DLON/H
  451  455  449  434  406  365  321  281  248  223  203  181  162  146  136  134
  135  128  114  100   96  100  112  129  148  165  176  179  181  184  181  168
  151  137  124  112  102   97   96   95   91   85   79   73   66   61   63   74
   89  105  126  153  185  217  247  277  308  334  355  372  388  403  408  403
  392  383  377  373  375  390  415  438  451
     7.5-180.0 180.0   5.0 450.0                            LAT/LON1/LON2/DLON/H
  431  438  436  426  406  375  339  304  272  247  227  208  189  174  164  165
  171  167  152  136  128  130  140  156  176  192  198  193  189  188  183  168
  148  131  116  105   98   97   98   98   96   93   88   81   72   66   67   77
   93  108  127  153  184  214  243  271  298  323  344  364  385  405  414  411
  398  383  369  358  354  365  389  414  431
     5.0-180.0 180.0   5.0 450.0                            LAT/LON1/LON2/DLON/H
  417  422  418  409  396  375  349  320  291  266  247  231  215  201  194  198
  209  209  194  176  166  165  173  186  204  218  218  205  193  189  182  165
  144  125  111  101   98   99  101  102  102  101   96   88   79   71   70   80
   95  109  127  150  178  206  233  258  281  303  326  350  377  402  419  424
  415  398  381  369  363  367  383  403  417
     2.5-180.0 180.0   5.0 450.0                            LAT/LON1/LON2/DLON/H
  416  415  406  394  384  371  354  332  306  281  261  247  235  224  220  228
  244  248  233  215  203  200  204  214  228  239  233  213  194  185  176  159
  140  122  109  101   99  101  104  105  107  106  102   94   83   74   72   81
   95  109  125  146  171  196  220  241  260  280  304  333  365  397  423  437
  435  420  405  396  392  392  399  409  416
