jprg3330.16i
     1.0            IONOSPHERE MAPS     GPS                 IONEX VERSION / TYPE
GIM V3.0            JPL - GNISD         29-nov-2016 07:09   PGM / RUN BY / DATE 
JPL'S GLOBAL IONOSPHERE MAPS YEAR 2016 DAY 333              COMMENT             
Global Ionospheric Maps (GIM) are generated on an hourly    DESCRIPTION         
and daily basis at JPL using data from up to 100 GPS sites  DESCRIPTION         
of the IGS and others institutions.                         DESCRIPTION         
The vertical TEC is modeled in a solar-geomagnetic          DESCRIPTION         
reference frame using bi-cubic splines on a spherical grid. DESCRIPTION         
A Kalman filter is used to solve simultaneously for         DESCRIPTION         
instrumental biases and VTEC on the grid (as stochastic     DESCRIPTION         
parameters).                                                DESCRIPTION         
Contact Address:  gpsiono@cobra.jpl.nasa.gov .              DESCRIPTION         
  2016    11    28     0     0     0                        EPOCH OF FIRST MAP  
  2016    11    29     0     0     0                        EPOCH OF LAST MAP   
  7200                                                      INTERVAL            
    13                                                      # OF MAPS IN FILE   
  NONE                                                      MAPPING FUNCTION    
    10.0                                                    ELEVATION CUTOFF    
One-way carrier phase leveled to code                       OBSERVABLES USED    
   170                                                      # OF STATIONS       
    31                                                      # OF SATELLITES     
  6371.0                                                    BASE RADIUS         
     2                                                      MAP DIMENSION       
   450.0 450.0   0.0                                        HGT1 / HGT2 / DHGT  
    87.5 -87.5  -2.5                                        LAT1 / LAT2 / DLAT  
  -180.0 180.0   5.0                                        LON1 / LON2 / DLON  
    -1                                                      EXPONENT            
TEC/RMS values in 0.1 TECU; 9999, if no value available     COMMENT             
                                                            END OF HEADER       
     1                                                      START OF TEC MAP    
  2016    11    28     0     0     0                        EPOCH OF CURRENT MAP
    87.5-180.0 180.0   5.0 450.0                            LAT/LON1/LON2/DLON/H
   42   42   42   43   43   42   42   42   42   42   42   41   41   41   40   40
   40   39   39   39   38   38   38   37   37   37   36   36   36   36   36   35
   35   35   35   35   35   35   35   35   36   36   36   36   36   37   37   37
   37   37   38   38   38   38   39   39   39   39   39   40   40   40   40   41
   41   41   41   41   42   42   42   42   42
    85.0-180.0 180.0   5.0 450.0                            LAT/LON1/LON2/DLON/H
   46   46   46   47   47   47   47   46   46   46   45   45   44   43   42   42
   41   40   39   38   37   37   36   35   35   34   34   33   33   33   32   32
   32   32   32   32   32   32   32   33   33   33   34   34   35   35   36   36
   36   37   37   38   38   38   38   39   39   39   39   40   40   40   41   41
   42   42   43   43   44   44   45   45   46
    82.5-180.0 180.0   5.0 450.0                            LAT/LON1/LON2/DLON/H
   49   50   50   51   51   51   51   50   50   49   48   47   46   45   44   42
   41   40   39   37   36   35   34   34   33   32   32   31   31   30   30   30
   30   30   30   30   30   30   31   31   32   32   33   33   34   35   35   36
   36   37   37   37   38   38   38   38   38   38   39   39   39   40   40   41
   41   42   43   44   45   46   47   48   49
    80.0-180.0 180.0   5.0 450.0                            LAT/LON1/LON2/DLON/H
   52   53   53   54   54   54   54   53   52   51   50   49   47   45   44   42
   40   39   37   36   35   34   33   32   32   31   31   31   30   30   30   30
   30   30   30   30   30   31   31   32   32   33   33   34   34   35   35   36
   36   37   37   37   37   37   37   37   37   37   37   37   37   38   38   39
   40   42   43   45   46   48   49   50   52
    77.5-180.0 180.0   5.0 450.0                            LAT/LON1/LON2/DLON/H
   54   55   56   56   56   56   55   55   54   52   51   49   48   46   43   41
   39   37   36   34   33   33   32   32   32   32   32   31   31   31   31   31
   31   31   31   32   32   33   33   33   34   34   34   34   35   35   35   36
   36   36   36   36   36   36   35   35   34   34   34   34   34   35   36   37
   39   41   43   45   47   49   51   52   54
    75.0-180.0 180.0   5.0 450.0                            LAT/LON1/LON2/DLON/H
   56   57   58   58   58   57   57   56   55   54   52   51   48   46   43   41
   38   36   34   33   32   32   32   32   33   33   33   33   33   33   32   32
   32   32   33   33   34   35   36   36   36   36   35   35   35   35   35   35
   35   35   35   35   34   33   32   32   31   31   30   31   31   32   33   35
   37   40   42   45   48   50   52   54   56
    72.5-180.0 180.0   5.0 450.0                            LAT/LON1/LON2/DLON/H
   58   59   60   60   60   59   59   58   57   56   55   53   50   47   44   40
   37   34   32   31   31   31   32   33   34   35   36   36   36   35   34   33
   32   32   33   34   35   36   37   37   37   36   35   34   33   33   33   33
   33   33   33   32   31   30   29   28   27   27   27   27   28   30   32   34
   37   40   43   46   49   52   54   57   58
    70.0-180.0 180.0   5.0 450.0                            LAT/LON1/LON2/DLON/H
   61   62   63   63   63   63   62   61   60   59   58   56   53   49   45   41
   37   33   31   30   30   31   32   33   35   36   38   38   38   37   35   33
   32   31   32   33   35   36   37   38   37   35   33   31   30   29   29   30
   30   30   30   30   29   27   26   25   24   24   25   26   27   30   32   36
   39   42   46   49   52   55   57   59   61
    67.5-180.0 180.0   5.0 450.0                            LAT/LON1/LON2/DLON/H
   65   67   68   68   68   67   66   65   64   63   61   59   56   51   46   41
   37   33   31   29   29   30   32   34   35   37   38   39   39   38   36   34
   32   30   30   31   33   35   36   36   35   33   30   28   26   26   26   26
   27   28   28   27   26   25   24   23   23   23   24   26   29   32   36   40
   44   47   51   54   56   59   61   63   65
    65.0-180.0 180.0   5.0 450.0                            LAT/LON1/LON2/DLON/H
   70   72   73   74   74   73   71   70   68   67   65   63   59   54   48   43
   38   33   30   29   29   29   31   33   35   37   38   39   40   39   37   34
   32   30   29   30   31   32   33   33   32   30   27   25   24   23   23   24
   25   26   27   26   25   24   22   22   22   24   27   30   34   39   44   49
   53   56   59   61   63   64   66   68   70
    62.5-180.0 180.0   5.0 450.0                            LAT/LON1/LON2/DLON/H
   75   77   79   80   80   78   76   74   72   70   68   65   61   56   51   45
   39   35   31   29   28   29   30   32   34   36   37   39   39   39   37   35
   32   30   29   28   29   30   31   31   30   28   26   24   23   23   24   25
   26   26   27   26   25   23   23   22   24   26   31   36   42   48   55   60
   65   68   70   70   71   71   72   74   75
    60.0-180.0 180.0   5.0 450.0                            LAT/LON1/LON2/DLON/H
   81   83   85   86   85   84   81   78   75   73   70   68   64   59   53   48
   42   37   33   30   29   29   30   31   33   35   37   38   39   40   38   36
   34   31   29   29   29   29   30   30   30   29   28   28   27   27   28   28
   28   29   28   27   26   25   24   24   26   30   36   43   51   59   67   74
   78   81   82   81   80   79   79   80   81
    57.5-180.0 180.0   5.0 450.0                            LAT/LON1/LON2/DLON/H
   87   88   90   91   91   89   85   82   78   75   73   70   66   62   57   51
   46   40   35   32   30   29   29   30   32   34   36   39   40   41   40   39
   36   34   32   31   31   31   32   32   33   34   35   35   35   35   35   34
   33   32   31   30   29   27   27   27   30   35   42   50   60   70   79   87
   92   94   94   93   90   88   87   86   87
    55.0-180.0 180.0   5.0 450.0                            LAT/LON1/LON2/DLON/H
   94   95   96   96   96   94   90   86   82   78   75   72   69   66   61   56
   51   45   40   35   32   30   30   30   32   34   37   40   42   43   43   42
   40   38   37   35   35   35   36   38   40   42   44   45   46   46   44   42
   40   38   36   35   33   32   31   32   34   40   48   57   68   79   89   98
  104  106  106  104  101   98   96   95   94
    52.5-180.0 180.0   5.0 450.0                            LAT/LON1/LON2/DLON/H
  104  104  103  103  102  100   96   92   87   83   79   76   73   70   66   62
   57   51   45   40   36   33   31   32   33   36   40   43   46   47   47   47
   45   44   43   42   42   43   44   46   49   52   55   57   57   56   54   51
   47   44   42   40   39   37   36   37   40   46   54   64   75   87   98  107
  113  116  116  114  111  109  107  105  104
    50.0-180.0 180.0   5.0 450.0                            LAT/LON1/LON2/DLON/H
  118  116  113  111  109  106  103   98   93   88   84   81   78   75   72   68
   63   58   52   46   40   37   35   35   36   40   44   48   51   52   52   52
   52   51   51   51   51   52   53   56   59   62   65   67   68   66   62   58
   54   51   49   47   46   44   43   43   46   52   60   70   81   93  104  114
  121  124  125  123  122  121  121  120  118
    47.5-180.0 180.0   5.0 450.0                            LAT/LON1/LON2/DLON/H
  136  132  127  122  117  113  109  104   99   95   90   87   84   81   77   74
   69   64   58   52   46   42   40   40   42   46   51   55   57   58   58   59
   59   60   60   61   61   61   62   65   68   71   74   75   75   73   69   64
   60   57   55   53   52   50   49   49   52   58   67   77   88   99  110  120
  127  131  133  132  132  134  137  138  136
    45.0-180.0 180.0   5.0 450.0                            LAT/LON1/LON2/DLON/H
  157  152  144  135  127  121  116  111  106  101   97   93   90   86   82   79
   75   70   65   59   54   50   47   48   51   55   60   64   66   66   66   66
   67   68   69   70   70   70   70   72   74   77   79   81   80   78   74   69
   65   62   60   59   57   55   54   55   59   66   75   84   94  105  116  126
  133  138  140  141  144  149  155  158  157
    42.5-180.0 180.0   5.0 450.0                            LAT/LON1/LON2/DLON/H
  179  173  163  150  137  128  121  116  111  107  103  100   96   92   87   83
   79   75   71   66   62   59   58   59   62   67   72   76   76   74   73   73
   74   76   77   78   78   77   76   76   78   80   82   84   83   81   76   72
   68   66   64   62   60   59   58   60   66   74   83   93  102  112  122  132
  139  145  148  151  155  164  173  179  179
    40.0-180.0 180.0   5.0 450.0                            LAT/LON1/LON2/DLON/H
  199  194  181  165  148  135  126  119  115  112  109  106  102   97   93   88
   84   80   77   74   71   69   69   71   75   81   85   87   85   82   79   78
   80   81   83   83   82   80   79   78   80   82   84   86   85   82   78   73
   70   68   66   64   61   60   61   65   72   83   93  102  110  120  129  138
  146  152  156  160  166  177  189  198  199
    37.5-180.0 180.0   5.0 450.0                            LAT/LON1/LON2/DLON/H
  216  211  199  180  160  143  132  124  119  116  114  111  108  103   99   93
   88   85   82   81   79   78   79   83   87   93   96   96   92   87   83   82
   83   84   85   85   84   82   80   80   81   84   86   88   87   84   79   74
   70   68   66   63   61   60   62   68   78   90  102  111  119  127  135  144
  153  160  165  170  177  189  201  212  216
    35.0-180.0 180.0   5.0 450.0                            LAT/LON1/LON2/DLON/H
  229  226  214  195  174  155  141  131  124  121  119  117  114  110  106  100
   94   90   88   87   86   86   87   91   96  101  104  102   95   88   83   82
   84   85   86   86   85   83   82   82   84   87   89   91   90   85   79   73
   69   67   65   62   60   60   63   70   83   97  110  119  126  133  141  149
  159  169  177  183  190  201  214  224  229
    32.5-180.0 180.0   5.0 450.0                            LAT/LON1/LON2/DLON/H
  243  242  231  213  191  172  155  141  132  127  124  122  120  118  114  108
  100   95   93   92   91   89   90   94   99  104  106  102   93   85   81   81
   83   85   87   88   87   85   84   85   88   91   94   94   92   87   79   72
   68   66   64   61   58   59   63   72   86  102  116  126  133  139  145  154
  166  179  191  199  207  218  229  238  243
    30.0-180.0 180.0   5.0 450.0                            LAT/LON1/LON2/DLON/H
  265  263  253  236  216  195  176  158  143  135  130  127  126  125  122  115
  107  100   98   96   92   89   88   92   97  102  104   99   89   81   79   81
   84   87   90   91   91   90   89   91   94   97   98   98   95   88   79   71
   66   64   62   59   57   58   63   73   87  105  120  131  138  143  148  157
  172  192  209  221  231  241  251  260  265
    27.5-180.0 180.0   5.0 450.0                            LAT/LON1/LON2/DLON/H
  297  295  284  268  248  227  204  180  160  146  138  133  131  130  128  122
  112  104  100   97   92   86   84   87   93   98  100   95   86   79   79   84
   89   93   97   99   98   96   96   98  100  102  102  100   96   89   79   70
   65   62   60   58   56   57   62   73   88  106  123  135  142  147  151  160
  179  206  231  248  261  273  285  294  297
    25.0-180.0 180.0   5.0 450.0                            LAT/LON1/LON2/DLON/H
  345  341  328  310  290  268  242  212  183  162  148  139  135  134  133  127
  116  107  101   96   89   83   81   84   90   96   98   95   88   84   85   91
   98  104  108  110  108  105  103  104  105  106  104  101   96   88   79   70
   63   59   57   56   55   56   62   73   88  107  124  137  145  150  154  164
  188  222  253  276  294  312  328  340  345
    22.5-180.0 180.0   5.0 450.0                            LAT/LON1/LON2/DLON/H
  400  397  384  365  343  319  289  253  216  186  164  149  139  136  135  129
  118  107   99   92   85   81   80   85   92   98  101  101   99   97   99  105
  112  118  122  123  119  113  108  108  108  106  103   99   94   86   78   69
   62   57   55   54   53   55   61   72   89  107  125  139  147  153  158  171
  198  237  273  300  324  349  373  391  400
    20.0-180.0 180.0   5.0 450.0                            LAT/LON1/LON2/DLON/H
  452  454  443  425  404  379  348  307  261  220  188  164  148  140  137  131
  119  105   95   87   82   81   85   93  102  107  110  114  117  118  119  124
  130  135  138  136  129  119  112  109  107  104  100   95   90   84   76   68
   61   56   53   52   51   53   59   72   89  108  125  140  149  157  165  180
  210  250  288  318  346  377  409  436  452
    17.5-180.0 180.0   5.0 450.0                            LAT/LON1/LON2/DLON/H
  490  500  495  481  463  443  415  373  320  267  222  188  163  149  143  136
  122  106   93   84   81   86   96  108  117  120  123  129  137  141  142  144
  149  153  153  147  136  123  113  108  104  100   95   91   86   80   74   67
   60   55   51   49   49   50   57   71   89  108  126  140  152  162  174  192
  222  259  294  323  353  388  428  464  490
    15.0-180.0 180.0   5.0 450.0                            LAT/LON1/LON2/DLON/H
  503  525  528  522  511  498  478  443  388  326  270  224  188  166  155  145
  129  112   97   88   87   98  113  127  135  136  136  144  156  164  164  165
  169  170  166  155  140  124  112  105  100   95   90   85   80   75   70   65
   60   54   50   48   47   49   56   71   90  109  127  142  155  169  185  206
  233  266  295  319  345  380  421  466  503
    12.5-180.0 180.0   5.0 450.0                            LAT/LON1/LON2/DLON/H
  488  519  533  537  536  534  528  504  453  387  324  269  225  194  175  162
  145  128  113  102  103  117  135  149  154  150  146  153  169  180  182  184
  186  184  176  161  142  124  110  101   95   90   85   81   75   71   67   64
   59   55   50   47   46   48   56   71   91  111  129  145  160  177  196  218
  244  270  292  309  329  358  397  444  488
    10.0-180.0 180.0   5.0 450.0                            LAT/LON1/LON2/DLON/H
  455  490  510  521  529  541  553  545  504  441  376  317  266  228  203  187
  171  156  143  132  132  145  161  172  171  160  150  155  172  187  194  198
  200  196  184  165  143  122  107   97   92   87   82   77   71   66   64   62
   60   56   52   49   47   49   58   73   93  113  133  150  168  186  207  229
  252  272  287  298  311  331  364  409  455
     7.5-180.0 180.0   5.0 450.0                            LAT/LON1/LON2/DLON/H
  416  450  472  485  496  516  544  555  531  480  419  361  307  264  234  217
  204  194  184  174  172  180  191  194  185  165  149  150  168  187  199  207
  210  204  188  166  141  120  104   95   89   85   80   75   68   64   62   62
   61   59   55   52   51   53   61   77   96  117  137  157  177  196  216  237
  257  275  286  292  298  310  334  373  416
     5.0-180.0 180.0   5.0 450.0                            LAT/LON1/LON2/DLON/H
  384  413  433  443  453  475  510  535  529  494  447  395  342  296  264  247
  239  234  230  221  215  217  220  213  194  167  145  142  159  182  199  210
  213  206  189  165  139  118  102   93   88   84   80   74   68   63   63   64
   64   62   60   57   56   59   67   81  100  121  143  165  186  205  223  241
  261  278  287  292  296  303  319  349  384
     2.5-180.0 180.0   5.0 450.0                            LAT/LON1/LON2/DLON/H
  370  392  406  411  415  434  469  500  506  488  456  414  366  320  289  275
  271  272  272  264  255  250  244  227  199  165  140  134  150  174  195  207
  210  203  186  161  136  115  101   92   88   85   81   75   70   66   66   67
   67   66   65   62   62   65   73   86  104  125  148  171  193  212  227  243
  262  279  290  296  302  310  323  345  370
