jprg3050.16i
     1.0            IONOSPHERE MAPS     GPS                 IONEX VERSION / TYPE
GIM V3.0            JPL - GNISD         01-nov-2016 06:43   PGM / RUN BY / DATE 
JPL'S GLOBAL IONOSPHERE MAPS YEAR 2016 DAY 305              COMMENT             
Global Ionospheric Maps (GIM) are generated on an hourly    DESCRIPTION         
and daily basis at JPL using data from up to 100 GPS sites  DESCRIPTION         
of the IGS and others institutions.                         DESCRIPTION         
The vertical TEC is modeled in a solar-geomagnetic          DESCRIPTION         
reference frame using bi-cubic splines on a spherical grid. DESCRIPTION         
A Kalman filter is used to solve simultaneously for         DESCRIPTION         
instrumental biases and VTEC on the grid (as stochastic     DESCRIPTION         
parameters).                                                DESCRIPTION         
Contact Address:  gpsiono@cobra.jpl.nasa.gov .              DESCRIPTION         
  2016    10    31     0     0     0                        EPOCH OF FIRST MAP  
  2016    11     1     0     0     0                        EPOCH OF LAST MAP   
  7200                                                      INTERVAL            
    13                                                      # OF MAPS IN FILE   
  NONE                                                      MAPPING FUNCTION    
    10.0                                                    ELEVATION CUTOFF    
One-way carrier phase leveled to code                       OBSERVABLES USED    
   170                                                      # OF STATIONS       
    31                                                      # OF SATELLITES     
  6371.0                                                    BASE RADIUS         
     2                                                      MAP DIMENSION       
   450.0 450.0   0.0                                        HGT1 / HGT2 / DHGT  
    87.5 -87.5  -2.5                                        LAT1 / LAT2 / DLAT  
  -180.0 180.0   5.0                                        LON1 / LON2 / DLON  
    -1                                                      EXPONENT            
TEC/RMS values in 0.1 TECU; 9999, if no value available     COMMENT             
                                                            END OF HEADER       
[from data line 3861]
    10                                                      START OF TEC MAP    
  2016    10    31    18     0     0                        EPOCH OF CURRENT MAP
    87.5-180.0 180.0   5.0 450.0                            LAT/LON1/LON2/DLON/H
   63   63   64   64   64   64   64   65   65   65   65   65   65   65   65   65
   65   65   65   65   64   64   64   63   63   63   62   62   61   61   60   60
   60   59   59   59   58   58   58   58   58   58   58   58   58   58   58   58
   58   59   59   59   59   59   59   60   60   60   60   60   60   61   61   61
   61   61   62   62   62   62   63   63   63
    85.0-180.0 180.0   5.0 450.0                            LAT/LON1/LON2/DLON/H
   63   64   64   65   65   66   66   67   68   68   69   69   69   70   70   70
   70   70   69   69   68   68   67   66   65   64   62   61   60   59   58   57
   56   55   54   54   54   53   53   53   53   54   54   54   55   55   55   56
   56   57   57   57   58   58   58   58   59   59   59   59   59   60   60   60
   60   60   61   61   61   62   62   63   63
    82.5-180.0 180.0   5.0 450.0                            LAT/LON1/LON2/DLON/H
   62   63   63   64   65   66   67   68   69   70   71   72   73   74   74   75
   75   75   74   74   73   72   70   68   66   64   62   60   58   56   54   52
   50   49   48   47   47   47   47   48   48   49   50   51   51   52   53   54
   55   55   56   56   57   57   57   58   58   58   58   58   58   58   58   58
   58   58   59   59   59   60   60   61   62
    80.0-180.0 180.0   5.0 450.0                            LAT/LON1/LON2/DLON/H
   59   60   61   63   64   65   67   68   70   71   73   75   76   78   79   80
   80   80   80   79   78   76   74   71   68   65   61   58   54   51   48   46
   44   42   41   40   40   40   41   42   43   44   46   47   49   50   51   52
   53   54   55   55   56   56   56   56   57   57   56   56   56   56   56   55
   55   55   55   56   56   57   57   58   59
    77.5-180.0 180.0   5.0 450.0                            LAT/LON1/LON2/DLON/H
   55   57   58   59   61   63   64   66   68   71   73   76   78   81   83   85
   86   86   86   85   83   81   78   74   69   65   60   55   51   46   43   40
   37   35   34   34   34   34   35   37   39   40   42   44   46   48   49   51
   52   52   53   53   54   54   54   54   54   54   54   54   53   52   52   51
   51   51   51   51   52   52   53   54   55
    75.0-180.0 180.0   5.0 450.0                            LAT/LON1/LON2/DLON/H
   50   52   54   55   57   59   61   63   66   70   73   77   81   85   88   90
   92   93   92   91   89   86   81   76   71   65   59   53   48   43   39   36
   33   32   30   30   30   31   32   33   35   37   39   41   43   45   47   48
   49   49   50   50   51   51   51   51   51   51   51   50   49   48   47   46
   45   45   45   45   45   46   47   49   50
    72.5-180.0 180.0   5.0 450.0                            LAT/LON1/LON2/DLON/H
   45   47   49   51   53   55   58   61   64   69   73   79   84   89   93   96
   98   99   98   97   94   91   86   80   74   67   60   54   48   43   39   36
   33   32   30   30   29   29   30   31   32   34   36   38   40   42   43   44
   45   46   46   46   47   47   48   48   48   48   47   46   45   44   42   41
   40   39   38   38   39   39   41   43   45
    70.0-180.0 180.0   5.0 450.0                            LAT/LON1/LON2/DLON/H
   39   42   44   47   49   52   55   59   63   69   75   81   87   93   97  101
  103  104  104  103  101   97   92   86   78   71   63   57   52   47   44   41
   38   36   34   32   31   30   30   30   30   31   32   34   36   38   39   40
   41   42   42   42   43   43   44   44   45   45   44   43   42   40   38   36
   35   33   32   32   32   33   35   37   39
    67.5-180.0 180.0   5.0 450.0                            LAT/LON1/LON2/DLON/H
   35   38   42   45   48   52   55   60   65   71   77   84   91   97  102  106
  108  110  110  109  107  104  100   94   86   78   71   65   60   56   53   49
   46   43   40   37   35   32   31   29   28   28   29   30   32   34   35   36
   37   38   38   39   40   40   41   42   42   43   42   41   40   38   36   34
   32   30   29   28   28   29   30   32   35
    65.0-180.0 180.0   5.0 450.0                            LAT/LON1/LON2/DLON/H
   34   37   41   46   50   54   58   63   69   75   82   89   95  101  106  110
  114  115  116  116  115  113  110  104   97   89   82   76   71   68   64   60
   56   52   47   43   38   35   31   29   27   26   27   28   29   30   32   33
   34   35   36   37   38   39   40   41   41   42   42   41   40   39   37   35
   33   31   29   28   27   27   28   31   34
    62.5-180.0 180.0   5.0 450.0                            LAT/LON1/LON2/DLON/H
   35   39   44   49   54   59   64   70   75   81   88   94  100  106  111  116
  119  122  123  124  124  123  121  117  111  103   95   89   84   80   77   72
   67   61   54   47   42   36   32   29   27   26   26   27   28   29   30   32
   33   34   36   37   38   39   40   41   42   42   43   43   42   42   41   39
   38   35   33   31   30   29   30   32   35
    60.0-180.0 180.0   5.0 450.0                            LAT/LON1/LON2/DLON/H
   40   44   49   55   60   66   72   78   83   89   95  101  107  112  117  122
  126  129  131  132  133  133  132  130  125  117  109  102   97   92   88   83
   76   68   59   51   44   39   34   31   29   28   28   29   29   30   31   32
   34   35   37   39   40   41   42   43   43   44   45   45   46   46   46   46
   44   42   40   38   36   35   36   37   40
    57.5-180.0 180.0   5.0 450.0                            LAT/LON1/LON2/DLON/H
   47   51   56   62   68   75   81   87   92   98  103  108  114  119  125  130
  134  137  139  141  142  143  143  141  138  131  123  115  108  102   97   91
   83   73   64   55   47   42   38   35   34   33   34   34   34   34   34   35
   36   38   40   42   43   44   45   46   46   47   48   49   50   52   53   53
   52   51   49   47   45   43   43   44   47
    55.0-180.0 180.0   5.0 450.0                            LAT/LON1/LON2/DLON/H
   55   59   64   70   77   84   90   96  102  107  112  116  122  127  133  139
  144  147  149  150  150  150  150  150  148  143  134  124  116  109  103   97
   88   78   67   58   51   46   43   42   42   42   42   42   41   41   40   40
   41   43   45   47   49   50   50   51   51   51   52   53   55   57   59   60
   61   60   58   56   54   52   51   52   55
    52.5-180.0 180.0   5.0 450.0                            LAT/LON1/LON2/DLON/H
   62   66   72   78   86   93  100  106  111  115  120  124  130  136  143  149
  154  157  159  159  158  156  156  157  156  152  143  132  122  114  107  100
   91   81   71   62   56   52   51   51   51   52   52   52   51   49   48   48
   49   51   53   54   55   56   57   57   56   56   56   58   60   63   65   67
   68   68   66   64   62   60   59   60   62
    50.0-180.0 180.0   5.0 450.0                            LAT/LON1/LON2/DLON/H
   67   72   78   86   94  101  109  115  120  124  128  132  138  144  151  158
  164  167  169  168  165  162  160  161  162  159  150  138  126  117  109  102
   94   84   75   68   63   60   59   60   62   62   63   62   61   59   58   58
   59   60   61   62   63   63   64   63   62   61   61   62   65   68   71   73
   75   74   73   70   68   66   65   65   67
    47.5-180.0 180.0   5.0 450.0                            LAT/LON1/LON2/DLON/H
   70   75   82   91  101  110  117  123  128  132  135  139  145  151  159  166
  172  176  179  178  174  169  166  167  167  164  155  142  129  118  110  103
   95   87   80   74   70   68   68   69   71   72   72   72   71   70   69   69
   69   70   70   70   70   70   71   70   68   67   66   67   69   72   75   78
   80   79   78   75   72   70   68   68   70
    45.0-180.0 180.0   5.0 450.0                            LAT/LON1/LON2/DLON/H
   71   76   85   96  107  117  126  132  137  140  143  146  151  157  164  171
  178  184  188  188  184  179  175  174  173  169  158  144  130  119  111  104
   97   90   84   80   77   76   76   76   77   78   79   80   80   80   79   79
   79   78   77   76   76   77   77   76   74   72   70   70   72   75   78   81
   83   83   81   78   75   72   70   69   71
    42.5-180.0 180.0   5.0 450.0                            LAT/LON1/LON2/DLON/H
   70   76   86   99  112  124  134  141  146  149  151  154  158  163  169  175
  182  190  197  200  198  193  188  184  180  173  161  146  132  121  113  106
  100   94   89   86   83   82   82   81   81   83   84   86   87   88   88   87
   86   84   82   80   80   81   82   81   78   75   73   73   74   77   80   83
   85   84   82   79   75   72   70   69   70
    40.0-180.0 180.0   5.0 450.0                            LAT/LON1/LON2/DLON/H
   69   76   88  102  117  131  142  151  156  159  160  162  165  169  173  179
  186  197  206  212  213  209  202  196  188  177  163  148  136  126  118  111
  105  100   96   92   89   88   86   84   84   85   88   91   93   94   94   92
   90   86   83   81   82   84   85   85   82   79   76   75   76   79   81   84
   85   84   81   78   74   71   69   67   69
    37.5-180.0 180.0   5.0 450.0                            LAT/LON1/LON2/DLON/H
   69   76   89  105  122  137  150  160  166  169  170  171  173  176  179  184
  192  203  216  224  227  224  216  206  195  182  167  153  143  135  128  121
  115  110  104   99   96   93   90   87   86   87   90   94   97   97   96   93
   89   85   81   80   82   86   88   87   85   81   78   77   78   80   82   83
   83   82   79   76   72   69   67   66   69
    35.0-180.0 180.0   5.0 450.0                            LAT/LON1/LON2/DLON/H
   70   78   92  108  125  142  156  168  176  180  181  182  183  185  187  191
  199  212  225  234  238  235  225  212  199  186  173  162  155  149  144  138
  131  124  117  110  105  100   95   91   88   90   93   97   99   99   96   92
   86   81   78   78   82   87   90   89   87   84   81   80   81   82   83   83
   82   79   76   73   70   67   66   66   70
    32.5-180.0 180.0   5.0 450.0                            LAT/LON1/LON2/DLON/H
   72   81   95  111  128  145  161  175  185  191  194  194  195  196  198  203
  210  221  233  242  244  239  226  211  198  189  181  175  173  171  168  161
  153  144  135  126  119  111  103   96   93   94   97  100  101   99   94   88
   82   77   75   76   81   87   91   91   89   87   85   84   85   85   85   83
   80   77   73   70   67   65   64   66   72
    30.0-180.0 180.0   5.0 450.0                            LAT/LON1/LON2/DLON/H
   74   85   99  114  130  146  163  180  193  203  207  208  208  210  212  217
  224  234  242  248  247  238  222  205  195  192  192  194  198  200  198  191
  181  170  159  149  138  127  114  103   98   98  100  102  100   97   91   84
   78   74   73   76   81   88   92   92   91   89   88   89   90   90   87   84
   79   74   70   67   64   63   64   67   74
    27.5-180.0 180.0   5.0 450.0                            LAT/LON1/LON2/DLON/H
   77   89  103  117  131  147  165  183  201  214  220  222  223  225  229  234
  241  249  255  257  252  239  219  202  195  199  208  219  229  235  233  225
  213  202  191  179  165  147  127  111  104  103  103  102   99   93   86   80
   75   73   73   76   82   88   92   93   92   91   92   93   94   93   90   84
   78   72   67   64   63   62   64   68   77
    25.0-180.0 180.0   5.0 450.0                            LAT/LON1/LON2/DLON/H
   79   93  107  120  133  148  166  187  209  226  235  239  240  242  247  254
  262  269  273  274  267  251  228  208  203  213  231  251  268  277  275  264
  250  239  228  215  196  171  142  119  109  105  103  100   95   88   81   76
   73   73   74   78   83   89   92   93   92   93   94   95   97   96   91   84
   76   69   64   62   61   62   64   70   79
    22.5-180.0 180.0   5.0 450.0                            LAT/LON1/LON2/DLON/H
   82   96  111  125  137  151  170  193  218  240  252  257  259  262  268  277
  287  295  301  303  297  281  256  233  226  237  262  291  314  325  321  306
  289  277  267  251  227  193  155  126  111  105  101   96   90   83   77   74
   73   73   75   79   83   88   91   92   91   92   93   95   96   95   90   82
   74   67   62   61   60   61   64   71   82
    20.0-180.0 180.0   5.0 450.0                            LAT/LON1/LON2/DLON/H
   84   99  116  130  143  158  177  201  230  255  270  277  281  285  292  302
  315  329  340  348  348  335  308  281  267  274  302  337  364  376  368  346
  326  313  301  282  252  211  165  130  111  103   98   93   86   81   76   74
   74   75   76   79   83   87   89   90   89   90   91   92   93   91   86   79
   71   64   60   59   59   61   64   72   84
    17.5-180.0 180.0   5.0 450.0                            LAT/LON1/LON2/DLON/H
   86  103  121  137  151  167  187  213  244  272  290  300  306  311  319  332
  348  368  387  405  414  405  379  346  321  319  346  383  411  421  409  382
  356  341  327  304  268  220  171  132  111  102   97   92   86   82   80   78
   78   77   77   78   81   85   87   87   86   86   86   87   87   85   80   74
   68   62   58   58   58   60   64   73   86
    15.0-180.0 180.0   5.0 450.0                            LAT/LON1/LON2/DLON/H
   88  107  126  145  161  178  200  228  260  290  313  327  336  343  351  365
  384  411  440  467  485  481  456  417  379  366  388  423  449  456  440  407
  377  358  340  313  274  225  175  136  114  104  100   96   92   91   89   88
   85   81   78   77   79   82   85   85   84   83   82   81   80   78   75   70
   65   60   57   56   57   58   63   73   88
    12.5-180.0 180.0   5.0 450.0                            LAT/LON1/LON2/DLON/H
   90  110  132  152  171  191  216  245  278  311  337  356  370  379  389  401
  424  457  495  529  552  553  528  483  434  408  422  451  471  472  453  419
  387  365  343  314  275  228  182  145  123  113  109  107  106  105  104  101
   95   87   81   78   78   81   83   83   82   80   78   77   76   74   71   67
   63   59   56   55   55   56   62   74   90
    10.0-180.0 180.0   5.0 450.0                            LAT/LON1/LON2/DLON/H
   93  114  137  160  181  205  232  264  298  331  361  385  404  417  427  439
  463  503  547  584  607  609  584  534  476  440  442  462  473  469  450  419
  388  365  343  314  277  235  195  163  142  132  127  124  124  125  123  117
  107   96   87   81   80   81   82   82   81   79   77   75   74   73   71   67
   63   59   56   55   54   55   61   74   93
     7.5-180.0 180.0   5.0 450.0                            LAT/LON1/LON2/DLON/H
   95  118  143  167  192  219  250  283  317  351  383  411  433  449  460  472
  498  543  591  626  644  643  616  565  502  458  451  460  463  455  438  413
  387  365  343  317  286  252  219  191  171  158  150  146  146  146  143  135
  122  108   96   89   85   83   83   82   82   80   78   77   77   76   74   71
   65   60   57   56   54   54   60   75   95
     5.0-180.0 180.0   5.0 450.0                            LAT/LON1/LON2/DLON/H
   98  123  148  174  202  233  268  303  337  369  400  428  451  469  481  493
  521  569  618  649  660  654  627  576  514  467  453  453  450  441  428  409
  388  369  351  331  307  280  252  226  203  187  175  170  169  168  162  152
  138  122  109   99   92   87   85   84   84   83   81   81   82   82   80   76
   69   63   60   58   55   54   61   77   98
     2.5-180.0 180.0   5.0 450.0                            LAT/LON1/LON2/DLON/H
  102  127  154  182  212  246  285  321  354  384  410  434  454  471  483  495
  524  574  623  648  653  644  618  571  513  469  451  447  443  437  428  414
  397  381  367  352  334  311  285  259  235  215  201  194  191  187  179  167
  152  137  123  111  100   93   88   87   88   88   86   87   88   89   87   82
   73   66   63   61   57   56   62   79  102
