jprg3330.16i
     1.0            IONOSPHERE MAPS     GPS                 IONEX VERSION / TYPE
GIM V3.0            JPL - GNISD         29-nov-2016 07:09   PGM / RUN BY / DATE 
JPL'S GLOBAL IONOSPHERE MAPS YEAR 2016 DAY 333              COMMENT             
Global Ionospheric Maps (GIM) are generated on an hourly    DESCRIPTION         
and daily basis at JPL using data from up to 100 GPS sites  DESCRIPTION         
of the IGS and others institutions.                         DESCRIPTION         
The vertical TEC is modeled in a solar-geomagnetic          DESCRIPTION         
reference frame using bi-cubic splines on a spherical grid. DESCRIPTION         
A Kalman filter is used to solve simultaneously for         DESCRIPTION         
instrumental biases and VTEC on the grid (as stochastic     DESCRIPTION         
parameters).                                                DESCRIPTION         
Contact Address:  gpsiono@cobra.jpl.nasa.gov .              DESCRIPTION         
  2016    11    28     0     0     0                        EPOCH OF FIRST MAP  
  2016    11    29     0     0     0                        EPOCH OF LAST MAP   
  7200                                                      INTERVAL            
    13                                                      # OF MAPS IN FILE   
  NONE                                                      MAPPING FUNCTION    
    10.0                                                    ELEVATION CUTOFF    
One-way carrier phase leveled to code                       OBSERVABLES USED    
   170                                                      # OF STATIONS       
    31                                                      # OF SATELLITES     
  6371.0                                                    BASE RADIUS         
     2                                                      MAP DIMENSION       
   450.0 450.0   0.0                                        HGT1 / HGT2 / DHGT  
    87.5 -87.5  -2.5                                        LAT1 / LAT2 / DLAT  
  -180.0 180.0   5.0                                        LON1 / LON2 / DLON  
    -1                                                      EXPONENT            
TEC/RMS values in 0.1 TECU; 9999, if no value available     COMMENT             
                                                            END OF HEADER       
[from data line 5148]
    13                                                      START OF TEC MAP    
  2016    11    29     0     0     0                        EPOCH OF CURRENT MAP
    87.5-180.0 180.0   5.0 450.0                            LAT/LON1/LON2/DLON/H
   38   38   39   39   38   38   38   38   38   38   37   37   37   36   36   36
   35   35   35   34   34   34   33   33   33   32   32   32   32   32   31   31
   31   31   31   31   31   31   31   32   32   32   32   32   33   33   33   33
   33   34   34   34   34   35   35   35   35   36   36   36   36   37   37   37
   37   37   38   38   38   38   38   38   38
    85.0-180.0 180.0   5.0 450.0                            LAT/LON1/LON2/DLON/H
   44   44   45   45   45   44   44   44   43   43   42   42   41   40   39   38
   38   37   36   35   34   34   33   32   32   31   31   30   30   30   29   29
   29   29   29   29   29   29   29   30   30   31   31   31   32   32   33   33
   34   34   35   35   36   36   36   37   37   37   38   38   38   39   39   39
   40   40   41   42   42   43   43   44   44
    82.5-180.0 180.0   5.0 450.0                            LAT/LON1/LON2/DLON/H
   51   51   52   52   52   52   51   50   50   49   47   46   45   44   43   41
   40   39   37   36   35   34   33   32   32   31   30   30   29   29   29   28
   28   28   28   28   29   29   29   30   30   31   31   32   33   33   34   35
   35   36   36   37   37   38   38   38   38   38   39   39   39   40   40   41
   42   43   44   45   47   48   49   50   51
    80.0-180.0 180.0   5.0 450.0                            LAT/LON1/LON2/DLON/H
   57   58   59   59   59   58   57   56   54   53   51   50   48   46   45   43
   42   40   39   37   36   35   34   33   32   32   31   31   30   30   30   30
   30   30   30   31   31   31   32   32   32   33   33   34   34   35   36   36
   37   37   38   38   39   39   39   38   38   38   38   39   39   40   40   42
   43   45   47   49   51   53   55   56   57
    77.5-180.0 180.0   5.0 450.0                            LAT/LON1/LON2/DLON/H
   64   65   65   65   64   63   61   60   58   56   54   52   51   49   47   45
   43   41   39   38   37   36   35   34   34   33   33   32   32   32   32   32
   32   33   34   34   35   36   36   36   37   37   36   36   37   37   37   38
   38   39   39   39   39   39   38   38   37   37   36   36   37   38   39   40
   43   45   48   51   54   57   60   62   64
    75.0-180.0 180.0   5.0 450.0                            LAT/LON1/LON2/DLON/H
   69   70   70   69   68   66   64   62   61   59   57   55   53   51   49   47
   44   42   40   38   37   36   36   36   35   35   35   35   34   33   33   33
   33   34   36   37   39   40   41   41   41   41   40   39   39   38   38   39
   39   39   39   38   38   37   36   35   34   33   33   33   33   34   36   38
   41   44   48   52   56   60   64   66   69
    72.5-180.0 180.0   5.0 450.0                            LAT/LON1/LON2/DLON/H
   72   73   74   73   71   69   67   65   63   62   60   58   56   54   51   48
   45   42   40   39   38   37   37   37   37   37   37   37   36   35   33   32
   32   34   35   38   41   43   44   45   44   43   42   40   39   38   38   38
   38   38   38   37   36   35   33   32   31   30   29   29   30   31   33   36
   39   43   48   53   57   62   66   70   72
    70.0-180.0 180.0   5.0 450.0                            LAT/LON1/LON2/DLON/H
   75   76   77   76   74   72   70   68   67   65   64   62   59   56   52   48
   44   42   40   38   38   37   38   38   39   39   39   39   38   36   33   32
   31   31   33   36   39   42   44   45   44   42   40   38   37   36   36   36
   36   36   36   35   34   32   31   29   28   27   27   27   28   30   32   36
   39   44   49   54   59   64   69   72   75
    67.5-180.0 180.0   5.0 450.0                            LAT/LON1/LON2/DLON/H
   78   79   80   79   77   75   73   71   70   68   67   64   61   57   52   48
   44   41   39   38   37   37   38   38   39   40   40   39   38   36   33   30
   29   28   30   33   36   39   41   41   40   38   36   34   33   32   32   33
   34   34   34   33   31   30   28   27   26   26   26   28   29   32   35   39
   43   47   52   57   62   67   71   75   78
    65.0-180.0 180.0   5.0 450.0                            LAT/LON1/LON2/DLON/H
   81   82   83   82   80   78   76   74   72   71   69   66   63   58   52   47
   43   40   38   37   36   36   37   37   38   39   39   39   38   36   33   30
   27   26   27   29   32   34   36   36   34   33   31   29   29   29   29   30
   31   32   32   31   29   28   27   26   26   27   29   32   35   39   42   47
   51   55   59   63   67   71   75   78   81
    62.5-180.0 180.0   5.0 450.0                            LAT/LON1/LON2/DLON/H
   85   86   86   85   84   81   78   76   74   73   71   68   64   59   53   47
   43   40   37   36   35   35   35   36   37   38   39   38   38   36   33   30
   28   26   26   27   29   30   31   30   29   28   27   26   26   27   28   29
   30   30   30   29   28   27   26   26   28   30   34   39   43   49   54   58
   63   66   69   72   75   78   80   83   85
    60.0-180.0 180.0   5.0 450.0                            LAT/LON1/LON2/DLON/H
   89   89   90   89   87   84   81   78   76   74   73   70   66   61   55   49
   44   40   38   36   34   34   34   34   35   37   38   39   38   37   35   32
   30   28   27   27   28   29   28   28   27   27   27   27   28   29   30   30
   30   30   30   29   27   27   27   28   31   35   41   47   54   60   66   72
   76   79   82   84   85   86   87   88   89
    57.5-180.0 180.0   5.0 450.0                            LAT/LON1/LON2/DLON/H
   93   93   93   93   91   88   84   81   78   76   75   72   69   64   59   53
   48   43   39   36   34   33   32   33   34   37   39   40   41   40   39   37
   35   33   31   31   30   30   30   30   31   32   33   34   34   34   34   34
   33   32   31   30   29   29   29   31   35   41   49   57   64   72   79   84
   89   92   94   95   95   95   94   93   93
    55.0-180.0 180.0   5.0 450.0                            LAT/LON1/LON2/DLON/H
   99   98   98   97   95   93   89   85   81   79   77   75   73   69   64   58
   53   47   43   39   36   33   32   32   34   38   41   44   45   45   44   43
   41   39   38   36   36   36   37   38   40   42   44   44   44   43   42   40
   37   35   34   33   32   32   34   37   41   49   57   66   74   82   88   94
   99  103  105  106  105  104  102  100   99
    52.5-180.0 180.0   5.0 450.0                            LAT/LON1/LON2/DLON/H
  106  105  104  103  102   99   95   90   86   83   81   79   77   74   70   65
   59   53   48   43   39   36   33   33   35   40   45   49   51   51   50   49
   48   46   45   44   44   46   48   51   54   56   58   58   57   54   50   47
   43   40   39   38   38   39   40   43   49   56   65   74   82   89   95  101
  106  109  112  114  114  113  111  108  106
    50.0-180.0 180.0   5.0 450.0                            LAT/LON1/LON2/DLON/H
  117  115  113  112  110  107  103   98   93   88   85   83   82   80   77   72
   66   60   54   49   44   39   36   36   38   44   51   55   57   57   56   55
   54   54   53   53   54   57   61   65   68   71   73   72   69   65   60   55
   50   47   45   45   45   46   48   51   57   65   74   82   89   95  100  105
  109  113  117  120  122  122  121  119  117
    47.5-180.0 180.0   5.0 450.0                            LAT/LON1/LON2/DLON/H
  130  128  126  124  121  118  113  107  100   94   90   87   86   85   83   78
   73   66   60   55   50   45   42   41   43   49   57   62   63   62   60   60
   60   60   61   62   64   68   73   77   81   84   85   84   80   74   68   62
   57   54   52   52   53   55   56   60   66   74   83   90   96  100  104  108
  111  116  121  126  129  132  132  132  130
    45.0-180.0 180.0   5.0 450.0                            LAT/LON1/LON2/DLON/H
  145  144  141  138  134  129  124  116  108  101   95   91   89   89   87   83
   78   72   67   62   58   54   50   49   51   57   63   68   68   65   63   63
   64   66   68   70   73   77   82   86   90   92   93   92   88   82   76   69
   64   60   59   59   60   62   64   68   75   84   92   99  103  106  109  111
  114  119  124  130  136  141  143  145  145
    42.5-180.0 180.0   5.0 450.0                            LAT/LON1/LON2/DLON/H
  158  158  156  152  147  142  135  127  117  108  100   95   93   93   92   87
   82   76   73   71   68   65   62   60   61   65   71   73   72   68   65   65
   68   71   74   77   80   84   87   90   93   96   97   97   94   88   81   74
   69   66   64   65   66   68   71   76   84   93  102  108  111  113  115  117
  119  123  128  135  142  148  153  156  158
    40.0-180.0 180.0   5.0 450.0                            LAT/LON1/LON2/DLON/H
  167  169  168  164  158  153  146  137  126  115  106  100   98   98   96   91
   85   81   79   79   78   77   74   72   72   74   77   78   75   70   67   68
   72   76   79   82   85   87   88   90   93   96   98   99   97   92   85   78
   72   69   68   68   70   72   77   83   92  103  112  117  120  121  123  124
  126  129  134  140  146  152  158  163  167
    37.5-180.0 180.0   5.0 450.0                            LAT/LON1/LON2/DLON/H
  168  171  172  170  165  161  155  146  134  122  113  107  105  104  101   95
   89   85   85   87   88   88   86   84   82   82   83   83   79   73   71   73
   77   81   85   87   89   88   88   89   91   95   98  100   98   93   86   79
   74   71   70   70   72   75   80   88   99  111  120  126  128  129  131  133
  135  138  141  146  150  154  158  163  168
    35.0-180.0 180.0   5.0 450.0                            LAT/LON1/LON2/DLON/H
  162  166  168  168  166  164  160  153  141  129  120  115  114  112  108  101
   94   90   91   94   96   96   94   91   89   87   87   85   82   78   77   80
   84   87   90   92   92   90   88   88   90   95   99  101   99   93   85   78
   73   71   70   71   72   76   82   91  103  116  127  132  135  137  139  142
  145  148  151  154  156  157  158  159  162
    32.5-180.0 180.0   5.0 450.0                            LAT/LON1/LON2/DLON/H
  159  159  159  160  161  163  162  156  145  134  127  124  123  120  115  107
   99   95   96   99  100  100   97   93   89   87   86   86   85   85   86   90
   92   94   95   96   96   92   89   89   92   97  101  101   98   91   83   76
   72   70   69   70   72   76   82   91  104  118  130  137  140  143  147  150
  155  159  164  167  168  166  162  160  159
    30.0-180.0 180.0   5.0 450.0                            LAT/LON1/LON2/DLON/H
  165  160  156  155  155  158  159  155  146  137  133  132  131  128  122  114
  105  100  100  102  101   98   94   89   85   84   84   87   90   93   98  101
  102  100  100  101  100   97   93   93   96  101  103  102   97   89   80   73
   69   67   67   68   70   74   80   89  102  117  131  140  144  148  152  157
  164  173  181  187  189  185  179  171  165
    27.5-180.0 180.0   5.0 450.0                            LAT/LON1/LON2/DLON/H
  190  178  169  162  159  159  159  153  145  138  136  137  137  134  129  120
  111  105  103  102   99   93   88   83   80   80   84   90   98  105  112  114
  111  106  105  106  106  102   99   99  102  105  105  102   95   86   77   70
   65   63   64   66   68   72   77   86   99  115  130  141  148  153  158  165
  175  188  202  214  220  220  213  202  190
    25.0-180.0 180.0   5.0 450.0                            LAT/LON1/LON2/DLON/H
  241  223  205  190  179  173  167  158  147  140  139  140  140  138  134  127
  117  109  104  101   94   87   81   77   77   80   88   99  111  122  128  128
  120  111  109  111  111  108  105  105  108  108  106  101   93   84   74   67
   61   59   61   63   66   69   74   82   95  112  129  142  150  157  163  172
  186  204  224  244  258  265  264  255  241
    22.5-180.0 180.0   5.0 450.0                            LAT/LON1/LON2/DLON/H
  310  293  271  246  224  206  190  173  157  147  144  144  142  140  138  132
  122  111  104   97   89   83   78   77   79   87  100  115  131  143  148  142
  127  114  111  114  115  111  109  110  112  110  105   98   90   81   72   64
   58   56   57   60   63   66   71   80   93  111  130  144  154  162  170  181
  197  219  245  272  296  312  320  319  310
    20.0-180.0 180.0   5.0 450.0                            LAT/LON1/LON2/DLON/H
  382  372  352  324  293  263  234  206  181  164  156  151  146  144  143  138
  127  114  102   92   84   81   81   84   91  104  121  140  156  167  167  155
  134  116  112  115  115  112  111  112  113  110  103   95   87   78   70   62
   56   53   54   57   60   62   68   78   93  113  132  148  158  168  179  192
  210  233  262  294  325  352  371  382  382
    17.5-180.0 180.0   5.0 450.0                            LAT/LON1/LON2/DLON/H
  443  445  433  407  371  333  296  258  222  195  177  165  156  151  150  145
  133  117  101   88   82   84   89   97  109  126  146  166  181  188  183  165
  138  118  111  112  111  109  109  112  113  108  100   91   84   76   69   61
   55   52   52   54   57   59   66   78   95  116  136  152  163  174  188  204
  222  245  272  305  339  373  404  429  443
    15.0-180.0 180.0   5.0 450.0                            LAT/LON1/LON2/DLON/H
  478  495  496  478  444  403  362  319  276  238  210  189  173  164  161  156
  143  124  105   90   85   91  102  114  130  149  169  187  200  202  192  169
  140  118  109  106  103  102  104  109  111  106   97   89   82   75   69   62
   56   52   51   52   54   57   65   79   98  120  140  156  168  181  198  216
  234  253  277  305  337  372  409  447  478
    12.5-180.0 180.0   5.0 450.0                            LAT/LON1/LON2/DLON/H
  478  510  526  521  495  459  421  378  331  287  250  222  199  185  179  172
  157  138  117  101   97  105  119  133  149  168  185  198  206  204  189  165
  137  117  106   99   95   94   99  105  108  103   95   88   82   76   70   64
   57   53   51   52   54   57   65   81  102  124  145  161  173  187  206  226
  243  259  277  299  325  356  393  436  478
    10.0-180.0 180.0   5.0 450.0                            LAT/LON1/LON2/DLON/H
  455  495  520  526  512  487  459  423  378  332  291  258  230  212  202  192
  177  159  140  123  118  125  138  151  165  178  187  193  196  191  176  154
  132  116  104   94   87   88   95  102  105  101   95   89   83   77   71   66
   60   55   53   53   54   58   67   84  105  128  149  165  177  192  211  232
  250  264  277  291  309  333  366  409  455
     7.5-180.0 180.0   5.0 450.0                            LAT/LON1/LON2/DLON/H
  424  464  493  505  499  484  467  443  408  366  327  293  263  241  227  215
  202  187  171  155  148  151  160  167  174  179  178  176  175  170  158  141
  127  115  104   91   83   86   93  100  102  100   95   91   86   80   74   68
   62   58   56   56   57   62   71   87  108  131  152  169  181  195  214  236
  255  269  279  287  297  313  339  379  424
     5.0-180.0 180.0   5.0 450.0                            LAT/LON1/LON2/DLON/H
  396  432  459  471  469  461  453  440  415  383  352  322  294  270  253  240
  228  218  206  191  182  180  181  181  180  175  164  153  150  148  141  132
  124  116  105   91   85   88   95  100  101   99   97   94   89   83   77   70
   65   62   60   60   62   67   77   92  111  133  155  172  184  197  215  236
  258  274  284  289  296  307  327  358  396
     2.5-180.0 180.0   5.0 450.0                            LAT/LON1/LON2/DLON/H
  386  412  431  439  437  432  430  424  409  388  366  343  319  296  278  264
  255  248  240  228  217  209  201  193  183  168  148  133  130  133  134  132
  128  120  107   96   92   95   99  101  100   98   98   97   93   87   80   72
   67   65   65   65   67   72   83   97  114  136  158  175  187  198  215  236
  260  280  291  296  303  314  331  357  386
