jprg3330.16i
     1.0            IONOSPHERE MAPS     GPS                 IONEX VERSION / TYPE
GIM V3.0            JPL - GNISD         29-nov-2016 07:09   PGM / RUN BY / DATE 
JPL'S GLOBAL IONOSPHERE MAPS YEAR 2016 DAY 333              COMMENT             
Global Ionospheric Maps (GIM) are generated on an hourly    DESCRIPTION         
and daily basis at JPL using data from up to 100 GPS sites  DESCRIPTION         
of the IGS and others institutions.                         DESCRIPTION         
The vertical TEC is modeled in a solar-geomagnetic          DESCRIPTION         
reference frame using bi-cubic splines on a spherical grid. DESCRIPTION         
A Kalman filter is used to solve simultaneously for         DESCRIPTION         
instrumental biases and VTEC on the grid (as stochastic     DESCRIPTION         
parameters).                                                DESCRIPTION         
Contact Address:  gpsiono@cobra.jpl.nasa.gov .              DESCRIPTION         
  2016    11    28     0     0     0                        EPOCH OF FIRST MAP  
  2016    11    29     0     0     0                        EPOCH OF LAST MAP   
  7200                                                      INTERVAL            
    13                                                      # OF MAPS IN FILE   
  NONE                                                      MAPPING FUNCTION    
    10.0                                                    ELEVATION CUTOFF    
One-way carrier phase leveled to code                       OBSERVABLES USED    
   170                                                      # OF STATIONS       
    31                                                      # OF SATELLITES     
  6371.0                                                    BASE RADIUS         
     2                                                      MAP DIMENSION       
   450.0 450.0   0.0                                        HGT1 / HGT2 / DHGT  
    87.5 -87.5  -2.5                                        LAT1 / LAT2 / DLAT  
  -180.0 180.0   5.0                                        LON1 / LON2 / DLON  
    -1                                                      EXPONENT            
TEC/RMS values in 0.1 TECU; 9999, if no value available     COMMENT             
                                                            END OF HEADER       
[from data line 429]
     2                                                      START OF TEC MAP    
  2016    11    28     2     0     0                        EPOCH OF CURRENT MAP
    87.5-180.0 180.0   5.0 450.0                            LAT/LON1/LON2/DLON/H
   39   39   39   39   39   39   39   39   39   39   38   38   38   38   38   37
   37   37   37   37   37   37   36   36   36   36   36   36   36   37   37   37
   37   37   37   37   37   37   37   38   38   38   38   38   38   38   38   38
   38   38   38   38   38   38   38   38   38   38   38   38   38   38   38   38
   38   39   39   39   39   39   39   39   39
    85.0-180.0 180.0   5.0 450.0                            LAT/LON1/LON2/DLON/H
   40   40   40   40   40   40   40   40   40   39   39   38   38   37   37   36
   36   35   35   34   34   34   34   34   33   34   34   34   34   34   35   35
   35   36   36   36   37   37   37   38   38   38   38   38   38   38   38   37
   37   37   37   37   37   37   36   36   36   37   37   37   37   37   37   38
   38   38   39   39   39   39   40   40   40
    82.5-180.0 180.0   5.0 450.0                            LAT/LON1/LON2/DLON/H
   41   42   42   42   42   42   41   41   40   40   39   38   38   37   36   35
   34   33   33   32   31   31   31   30   30   30   31   31   31   32   32   33
   34   34   35   36   36   37   38   38   38   38   38   38   38   38   38   37
   37   36   36   35   35   35   34   34   34   35   35   35   35   36   36   37
   37   38   38   39   40   40   41   41   41
    80.0-180.0 180.0   5.0 450.0                            LAT/LON1/LON2/DLON/H
   43   43   43   43   43   43   42   42   41   40   39   38   37   36   35   34
   33   32   31   30   29   29   28   28   28   28   28   29   29   30   30   31
   32   33   34   35   36   37   37   38   39   39   39   39   39   38   37   36
   36   35   34   33   33   32   32   32   32   33   33   33   34   35   35   36
   37   38   39   40   41   41   42   43   43
    77.5-180.0 180.0   5.0 450.0                            LAT/LON1/LON2/DLON/H
   45   45   45   44   44   43   42   42   41   40   39   38   37   36   35   34
   32   31   30   29   28   28   27   27   27   27   27   27   28   28   29   30
   31   31   32   33   35   36   37   37   38   39   39   39   38   38   37   35
   34   33   32   31   30   30   30   30   31   31   32   33   34   35   36   37
   38   39   41   42   43   43   44   45   45
    75.0-180.0 180.0   5.0 450.0                            LAT/LON1/LON2/DLON/H
   48   47   47   46   45   44   43   42   41   40   39   38   37   36   35   34
   33   32   31   30   29   29   28   28   27   27   27   28   28   28   28   28
   29   30   30   31   32   34   35   36   36   37   37   37   37   36   35   34
   32   30   29   28   27   27   28   28   30   31   33   34   36   37   38   40
   41   43   44   45   46   47   48   48   48
    72.5-180.0 180.0   5.0 450.0                            LAT/LON1/LON2/DLON/H
   52   51   49   48   46   45   43   42   41   40   39   38   37   37   36   35
   34   33   33   32   31   30   30   30   29   29   29   29   28   28   28   27
   27   27   28   29   30   31   32   33   34   34   35   35   34   33   32   31
   29   27   26   25   25   25   26   28   30   32   35   37   39   41   43   44
   46   47   49   50   51   52   53   52   52
    70.0-180.0 180.0   5.0 450.0                            LAT/LON1/LON2/DLON/H
   57   55   53   51   48   46   44   42   41   39   38   38   37   37   36   36
   35   35   34   33   33   33   32   32   31   31   31   30   30   29   27   26
   25   25   25   26   27   28   29   29   30   30   30   30   30   30   29   28
   26   25   23   23   23   24   26   29   32   36   39   43   46   48   49   51
   52   54   55   56   58   58   58   58   57
    67.5-180.0 180.0   5.0 450.0                            LAT/LON1/LON2/DLON/H
   63   60   58   55   51   48   45   43   41   39   38   38   37   37   36   36
   36   35   35   35   34   34   34   34   33   33   32   31   30   29   27   26
   24   24   24   24   25   25   26   26   26   26   26   26   26   26   25   25
   24   22   22   22   23   25   28   32   36   42   47   51   55   57   58   59
   60   61   62   63   64   65   65   64   63
    65.0-180.0 180.0   5.0 450.0                            LAT/LON1/LON2/DLON/H
   69   66   63   59   55   51   48   45   42   40   38   37   37   36   36   36
   36   35   35   35   35   35   35   34   34   34   33   32   31   30   28   26
   24   23   23   23   24   24   24   24   23   22   22   22   22   22   23   23
   22   22   22   23   25   28   32   37   43   50   56   62   66   69   69   69
   69   68   69   69   70   71   71   70   69
    62.5-180.0 180.0   5.0 450.0                            LAT/LON1/LON2/DLON/H
   74   72   68   64   59   55   51   47   44   41   39   38   37   36   36   35
   35   35   34   34   34   34   34   34   34   34   33   33   32   30   29   27
   26   25   25   25   25   25   24   23   22   21   20   20   21   21   22   23
   23   23   24   26   29   33   38   44   52   60   68   75   80   82   82   80
   78   76   75   75   75   76   76   76   74
    60.0-180.0 180.0   5.0 450.0                            LAT/LON1/LON2/DLON/H
   80   77   73   69   64   59   54   50   46   43   40   38   37   36   36   35
   35   34   34   33   33   34   34   34   34   34   33   33   32   32   31   30
   29   29   28   28   28   28   26   25   24   22   22   22   23   24   24   25
   25   26   28   31   34   39   46   53   61   71   80   88   93   95   94   92
   88   85   82   81   81   81   81   81   80
    57.5-180.0 180.0   5.0 450.0                            LAT/LON1/LON2/DLON/H
   85   82   78   73   68   62   57   52   48   44   41   39   38   37   36   36
   35   34   34   34   33   33   33   33   33   34   33   33   33   33   33   34
   34   34   34   34   33   32   31   29   28   27   27   28   28   29   30   30
   30   30   33   36   41   47   54   62   71   81   91  100  106  108  107  104
  100   95   91   88   87   86   86   86   85
    55.0-180.0 180.0   5.0 450.0                            LAT/LON1/LON2/DLON/H
   90   86   82   77   71   65   60   55   51   47   43   41   39   38   37   37
   37   36   36   35   34   32   32   32   33   34   34   34   34   35   37   38
   40   41   41   41   40   38   37   36   35   35   36   36   37   37   37   36
   35   36   38   43   49   55   63   71   80   91  101  110  116  119  119  117
  113  108  103   98   95   93   92   91   90
    52.5-180.0 180.0   5.0 450.0                            LAT/LON1/LON2/DLON/H
   94   90   85   80   74   69   63   58   53   49   46   43   41   40   39   39
   39   39   38   37   35   33   32   32   33   35   36   36   37   39   41   44
   47   48   49   48   47   45   44   43   44   45   46   47   47   47   46   44
   42   42   45   50   56   63   71   80   89   99  109  118  124  127  129  130
  129  125  119  112  106  101   99   97   94
    50.0-180.0 180.0   5.0 450.0                            LAT/LON1/LON2/DLON/H
   98   93   88   83   78   72   67   61   57   53   50   47   45   43   42   42
   43   43   42   41   38   35   33   33   36   38   39   40   41   43   46   50
   54   56   57   56   54   52   51   51   52   54   55   57   58   58   56   53
   49   48   51   56   64   72   80   89   98  107  116  124  130  135  140  144
  146  143  136  128  119  112  106  102   98
    47.5-180.0 180.0   5.0 450.0                            LAT/LON1/LON2/DLON/H
  102   96   91   87   82   77   71   65   61   57   54   52   50   47   46   46
   47   48   47   45   42   38   37   38   41   44   46   46   47   49   53   58
   62   65   65   63   60   58   57   58   59   61   64   66   68   68   66   62
   57   55   57   64   72   80   89   97  106  114  122  129  135  141  150  158
  163  162  154  144  133  123  114  107  102
    45.0-180.0 180.0   5.0 450.0                            LAT/LON1/LON2/DLON/H
  105   99   94   91   87   82   76   70   65   62   60   58   56   52   50   50
   51   53   53   51   48   45   44   46   50   53   55   56   56   57   61   65
   70   73   72   69   66   64   63   63   65   67   70   72   75   77   76   70
   64   61   64   71   80   89   98  106  114  122  128  133  140  148  160  171
  178  178  170  158  145  133  122  112  105
    42.5-180.0 180.0   5.0 450.0                            LAT/LON1/LON2/DLON/H
  107  101   97   95   93   88   83   76   71   68   66   65   62   58   55   54
   56   59   59   58   56   54   54   57   63   67   69   68   67   67   69   73
   78   80   78   75   71   68   67   67   68   70   73   77   82   84   83   77
   70   67   71   79   88   98  107  115  123  129  134  139  146  156  169  182
  190  189  180  168  154  141  128  117  107
    40.0-180.0 180.0   5.0 450.0                            LAT/LON1/LON2/DLON/H
  110  103   99   99   98   95   90   83   78   74   74   73   70   65   61   60
   62   65   66   66   65   65   67   72   77   82   83   82   79   77   77   80
   83   85   83   78   74   71   70   69   70   72   76   81   86   89   88   82
   75   72   77   86   97  107  117  125  132  137  141  145  153  165  178  190
  197  195  185  172  159  147  134  121  110
    37.5-180.0 180.0   5.0 450.0                            LAT/LON1/LON2/DLON/H
  113  104  101  101  102  101   96   90   84   81   81   81   79   73   68   67
   69   72   73   74   74   76   80   85   91   96   96   94   89   85   83   84
   87   87   84   80   75   73   72   71   72   74   78   84   90   93   91   84
   77   76   82   93  105  116  127  135  142  146  149  154  162  175  188  199
  204  200  188  175  163  152  139  125  113
    35.0-180.0 180.0   5.0 450.0                            LAT/LON1/LON2/DLON/H
  117  105  100  101  104  105  101   96   90   87   88   89   88   83   78   75
   76   78   80   81   83   86   90   95  101  105  105  102   97   91   87   86
   87   87   84   80   76   74   74   73   73   76   81   88   93   94   91   84
   78   78   87  100  113  125  136  146  152  156  159  164  174  187  200  209
  212  205  193  179  169  160  148  132  117
    32.5-180.0 180.0   5.0 450.0                            LAT/LON1/LON2/DLON/H
  128  111  101  100  103  106  104   99   94   92   94   97   97   93   88   84
   83   84   85   87   90   93   96   99  104  108  108  105  100   93   88   87
   87   86   83   80   77   76   76   75   75   78   84   91   95   94   89   82
   77   80   91  105  119  133  146  156  163  167  171  177  188  202  214  222
  224  216  204  191  183  176  164  147  128
    30.0-180.0 180.0   5.0 450.0                            LAT/LON1/LON2/DLON/H
  152  128  111  104  105  107  105  101   97   95   98  102  103  101   97   92
   90   89   90   91   94   96   96   97  100  105  106  104   99   94   89   87
   87   86   83   80   78   78   78   78   78   81   87   94   96   93   87   79
   76   81   93  108  124  139  155  167  175  180  185  193  204  218  231  239
  241  235  224  214  209  203  192  174  152
    27.5-180.0 180.0   5.0 450.0                            LAT/LON1/LON2/DLON/H
  192  162  137  122  117  114  110  103   98   97  100  104  107  106  102   98
   95   93   92   93   95   96   94   92   94   99  101  100   97   93   90   88
   88   87   85   83   81   81   81   81   80   83   89   95   96   91   83   76
   75   82   95  111  127  145  164  179  188  194  201  209  222  236  248  258
  262  260  254  249  247  244  236  218  192
    25.0-180.0 180.0   5.0 450.0                            LAT/LON1/LON2/DLON/H
  254  220  185  160  145  135  123  111  102   99  100  103  105  105  103  100
   98   95   93   92   93   93   90   87   89   94   97   96   95   94   93   92
   93   92   90   87   86   85   85   84   83   84   89   93   93   87   79   73
   73   82   97  113  131  151  172  190  201  209  217  227  239  252  265  276
  283  287  287  288  292  295  292  279  254
    22.5-180.0 180.0   5.0 450.0                            LAT/LON1/LON2/DLON/H
  330  299  260  224  196  174  153  131  114  105  101  101  101  100   98   98
   98   95   91   88   88   88   87   87   90   95   97   95   95   97   99  100
  100   99   96   93   90   89   88   87   85   85   87   90   88   83   75   70
   72   83   99  116  135  157  181  201  214  224  233  243  255  267  279  291
  302  311  318  326  336  345  351  347  330
    20.0-180.0 180.0   5.0 450.0                            LAT/LON1/LON2/DLON/H
  404  382  347  306  270  237  202  166  137  118  107  102   98   94   92   94
   96   93   87   82   80   82   87   92   99  105  103   98   98  103  107  110
  110  107  103   98   94   92   91   89   87   85   85   85   83   77   71   68
   71   84  101  119  140  164  190  212  227  239  249  259  268  278  289  301
  314  327  341  355  371  388  402  409  404
    17.5-180.0 180.0   5.0 450.0                            LAT/LON1/LON2/DLON/H
  461  454  428  391  353  314  269  218  173  141  121  109   99   91   87   91
   94   91   83   76   73   78   90  103  114  120  114  104  102  109  117  120
  119  116  110  103   97   94   93   91   89   86   83   80   77   73   68   66
   71   85  103  123  146  172  199  222  239  252  263  272  279  286  294  306
  320  335  352  370  390  411  433  452  461
    15.0-180.0 180.0   5.0 450.0                            LAT/LON1/LON2/DLON/H
  485  497  488  462  429  391  341  278  220  175  145  125  109   95   88   90
   94   91   83   74   71   79   99  119  134  137  126  111  108  116  125  129
  128  123  115  106   99   95   93   92   90   86   81   77   74   70   66   66
   72   86  106  127  152  179  206  230  249  263  275  283  288  291  297  308
  321  337  355  373  392  413  436  462  485
    12.5-180.0 180.0   5.0 450.0                            LAT/LON1/LON2/DLON/H
  471  498  510  504  487  457  406  336  267  213  175  150  130  110   96   95
   98   96   88   80   78   89  113  138  153  153  137  119  114  122  133  136
  134  128  119  108   99   94   93   93   90   86   81   76   73   69   66   67
   74   88  108  131  156  184  210  235  255  271  284  292  295  295  299  309
  322  337  352  368  384  399  417  441  471
    10.0-180.0 180.0   5.0 450.0                            LAT/LON1/LON2/DLON/H
  432  466  494  509  512  497  453  382  308  250  208  180  158  133  112  105
  106  106  103   99   97  109  134  159  171  166  145  125  119  128  138  141
  138  131  121  109   99   94   93   92   90   86   82   78   74   71   68   69
   77   91  110  133  159  185  211  235  257  275  290  299  300  299  302  312
  324  336  349  361  372  379  388  404  432
     7.5-180.0 180.0   5.0 450.0                            LAT/LON1/LON2/DLON/H
  387  420  457  489  510  509  474  407  336  280  240  211  187  159  132  119
  118  121  125  127  129  139  161  181  185  172  149  129  124  132  141  143
  140  132  121  109   99   93   92   90   88   85   83   80   77   74   72   74
   82   96  113  134  158  183  208  232  255  274  291  302  304  302  305  317
  330  340  349  358  364  364  362  368  387
     5.0-180.0 180.0   5.0 450.0                            LAT/LON1/LON2/DLON/H
  354  378  418  459  491  501  472  411  347  300  265  239  215  184  153  134
  131  137  149  159  164  173  189  200  195  175  150  132  128  135  143  144
  138  130  119  108   99   93   90   88   86   85   84   83   81   78   76   80
   89  101  116  134  155  178  202  226  249  270  289  302  305  303  309  323
  338  347  354  362  367  364  355  348  354
     2.5-180.0 180.0   5.0 450.0                            LAT/LON1/LON2/DLON/H
  349  360  391  432  468  483  458  403  348  311  283  260  236  205  172  150
  145  154  172  189  197  204  214  217  202  175  149  134  132  139  144  142
  134  125  116  107   99   93   89   86   84   83   84   85   84   82   82   87
   97  108  119  133  151  171  195  219  242  263  283  298  303  303  311  329
  345  354  360  370  378  379  370  356  349
