jprg3050.16i
     1.0            IONOSPHERE MAPS     GPS                 IONEX VERSION / TYPE
GIM V3.0            JPL - GNISD         01-nov-2016 06:43   PGM / RUN BY / DATE 
JPL'S GLOBAL IONOSPHERE MAPS YEAR 2016 DAY 305              COMMENT             
Global Ionospheric Maps (GIM) are generated on an hourly    DESCRIPTION         
and daily basis at JPL using data from up to 100 GPS sites  DESCRIPTION         
of the IGS and others institutions.                         DESCRIPTION         
The vertical TEC is modeled in a solar-geomagnetic          DESCRIPTION         
reference frame using bi-cubic splines on a spherical grid. DESCRIPTION         
A Kalman filter is used to solve simultaneously for         DESCRIPTION         
instrumental biases and VTEC on the grid (as stochastic     DESCRIPTION         
parameters).                                                DESCRIPTION         
Contact Address:  gpsiono@cobra.jpl.nasa.gov .              DESCRIPTION         
  2016    10    31     0     0     0                        EPOCH OF FIRST MAP  
  2016    11     1     0     0     0                        EPOCH OF LAST MAP   
  7200                                                      INTERVAL            
    13                                                      # OF MAPS IN FILE   
  NONE                                                      MAPPING FUNCTION    
    10.0                                                    ELEVATION CUTOFF    
One-way carrier phase leveled to code                       OBSERVABLES USED    
   170                                                      # OF STATIONS       
    31                                                      # OF SATELLITES     
  6371.0                                                    BASE RADIUS         
     2                                                      MAP DIMENSION       
   450.0 450.0   0.0                                        HGT1 / HGT2 / DHGT  
    87.5 -87.5  -2.5                                        LAT1 / LAT2 / DLAT  
  -180.0 180.0   5.0                                        LON1 / LON2 / DLON  
    -1                                                      EXPONENT            
TEC/RMS values in 0.1 TECU; 9999, if no value available     COMMENT             
                                                            END OF HEADER       
[from data line 4290]
    11                                                      START OF TEC MAP    
  2016    10    31    20     0     0                        EPOCH OF CURRENT MAP
    87.5-180.0 180.0   5.0 450.0                            LAT/LON1/LON2/DLON/H
   76   77   77   78   78   79   79   79   80   80   80   81   81   81   81   81
   81   81   81   80   80   80   79   79   79   78   78   77   77   76   75   75
   74   74   74   73   73   72   72   72   71   71   71   71   70   70   70   70
   70   70   70   70   70   70   70   70   71   71   71   71   71   72   72   72
   73   73   74   74   74   75   75   76   76
    85.0-180.0 180.0   5.0 450.0                            LAT/LON1/LON2/DLON/H
   75   76   77   79   80   81   82   83   84   85   86   86   87   87   87   87
   87   87   87   86   85   84   83   82   81   80   79   78   76   75   74   73
   72   71   70   70   69   68   68   67   67   67   66   66   66   66   66   65
   65   65   65   65   65   66   66   66   66   66   67   67   67   68   68   69
   69   70   70   71   72   73   74   74   75
    82.5-180.0 180.0   5.0 450.0                            LAT/LON1/LON2/DLON/H
   72   74   75   77   79   81   83   85   87   88   90   91   93   93   94   94
   94   93   92   91   90   88   86   84   82   80   78   76   74   72   71   69
   68   67   66   65   64   63   63   62   62   62   62   61   61   61   61   61
   61   61   61   61   61   61   61   61   62   62   62   62   62   63   63   64
   64   65   66   67   68   69   70   71   72
    80.0-180.0 180.0   5.0 450.0                            LAT/LON1/LON2/DLON/H
   67   69   71   74   76   79   82   85   88   91   94   96   98  100  101  101
  100  100   98   96   94   91   88   85   82   78   75   72   70   67   65   63
   62   60   59   58   58   57   57   57   57   57   57   57   57   57   57   57
   57   57   57   57   57   57   57   57   57   57   56   56   56   57   57   57
   58   59   59   60   61   63   64   65   67
    77.5-180.0 180.0   5.0 450.0                            LAT/LON1/LON2/DLON/H
   61   63   66   69   72   76   80   84   88   93   97  100  103  105  107  107
  107  105  103  100   96   92   87   83   78   74   70   66   63   60   57   55
   54   53   52   52   52   52   52   52   52   52   52   52   52   52   52   52
   52   52   52   52   52   52   52   52   51   51   50   50   49   49   49   50
   50   51   52   53   54   55   57   59   61
    75.0-180.0 180.0   5.0 450.0                            LAT/LON1/LON2/DLON/H
   54   57   60   63   67   72   77   82   87   93   98  103  107  110  112  112
  112  110  106  102   97   91   85   79   73   67   62   58   54   51   49   47
   46   46   46   46   46   46   46   47   47   47   47   48   48   48   48   47
   47   47   47   48   47   47   47   46   45   44   43   42   42   41   41   41
   42   43   44   45   46   48   50   52   54
    72.5-180.0 180.0   5.0 450.0                            LAT/LON1/LON2/DLON/H
   49   52   56   60   64   69   74   79   85   92   98  104  109  113  115  116
  115  113  109  104   98   91   83   76   68   61   56   51   47   44   42   41
   40   40   40   41   41   41   42   42   42   42   43   42   42   42   42   42
   42   42   42   43   43   43   42   41   40   39   37   36   34   34   33   33
   34   35   36   38   40   42   44   47   49
    70.0-180.0 180.0   5.0 450.0                            LAT/LON1/LON2/DLON/H
   47   51   55   59   63   68   73   79   85   92   98  104  110  114  117  118
  118  115  111  106  100   92   83   74   65   58   51   46   42   39   38   37
   36   36   37   37   37   37   38   38   38   38   37   37   37   37   37   37
   37   37   37   38   38   39   38   38   36   34   32   31   29   28   27   28
   28   29   31   33   35   38   41   44   47
    67.5-180.0 180.0   5.0 450.0                            LAT/LON1/LON2/DLON/H
   48   53   58   62   67   72   76   81   87   93   99  105  111  115  118  119
  120  118  115  111  104   95   86   76   67   59   52   46   42   39   37   36
   35   35   35   34   34   34   34   33   33   33   32   32   32   32   32   32
   32   33   34   34   35   36   36   35   34   32   30   28   27   26   25   25
   25   26   28   30   33   36   40   44   48
    65.0-180.0 180.0   5.0 450.0                            LAT/LON1/LON2/DLON/H
   52   58   64   69   75   79   84   89   93   98  102  107  112  116  119  121
  122  123  121  118  112  104   94   84   74   65   57   51   46   42   40   38
   36   35   34   33   32   31   30   29   29   29   28   28   28   28   29   29
   30   30   31   33   34   35   36   35   35   33   31   30   28   27   27   27
   27   27   28   30   33   37   41   46   52
    62.5-180.0 180.0   5.0 450.0                            LAT/LON1/LON2/DLON/H
   58   65   72   79   85   90   95   99  103  105  108  111  114  118  121  124
  126  128  128  127  122  115  106   96   85   76   67   59   53   48   44   41
   38   36   33   31   29   28   27   26   26   26   26   27   27   27   28   28
   29   30   32   33   35   36   37   37   37   36   35   34   33   33   32   32
   32   32   32   33   36   40   45   51   58
    60.0-180.0 180.0   5.0 450.0                            LAT/LON1/LON2/DLON/H
   65   73   81   89   96  103  108  112  114  115  116  117  119  122  125  129
  132  134  136  135  132  126  118  108   98   88   79   70   62   56   50   45
   41   37   33   30   28   26   25   25   25   26   27   28   28   29   30   31
   32   33   34   35   37   39   40   40   40   40   40   40   40   40   40   40
   39   38   38   39   41   45   51   57   65
    57.5-180.0 180.0   5.0 450.0                            LAT/LON1/LON2/DLON/H
   72   81   90   98  107  114  120  124  126  126  125  125  126  129  132  135
  138  140  142  143  140  135  128  120  110  100   91   81   72   63   55   49
   43   38   33   30   27   26   26   26   27   29   30   32   33   34   35   35
   36   37   38   39   41   43   44   45   45   45   45   46   47   48   49   49
   48   46   45   45   47   51   57   64   72
    55.0-180.0 180.0   5.0 450.0                            LAT/LON1/LON2/DLON/H
   80   88   97  106  115  123  130  135  137  136  135  134  135  137  140  142
  143  145  146  146  145  141  135  127  119  110  101   91   80   70   60   52
   45   39   35   31   29   29   29   31   33   35   37   39   40   41   42   42
   43   43   44   45   47   48   49   50   50   50   50   52   53   55   57   57
   56   54   52   52   54   58   64   71   80
    52.5-180.0 180.0   5.0 450.0                            LAT/LON1/LON2/DLON/H
   88   96  105  114  122  130  138  144  146  146  144  143  145  147  149  149
  149  148  148  147  145  141  137  131  124  117  109  100   88   76   65   56
   48   42   38   35   34   35   37   39   41   44   46   48   49   50   50   51
   51   51   52   52   54   55   56   55   55   54   55   56   58   61   64   64
   63   60   58   58   60   65   72   79   88
    50.0-180.0 180.0   5.0 450.0                            LAT/LON1/LON2/DLON/H
   97  105  113  121  129  137  145  151  154  154  153  153  155  158  159  158
  155  152  149  146  143  140  136  132  128  123  116  106   94   81   70   60
   53   47   43   41   41   43   46   49   51   54   56   58   59   60   60   60
   60   60   60   60   61   62   62   61   60   58   58   60   63   66   69   70
   69   66   63   63   66   72   80   88   97
    47.5-180.0 180.0   5.0 450.0                            LAT/LON1/LON2/DLON/H
  107  115  122  129  136  143  151  157  161  162  161  162  166  169  170  168
  163  157  152  147  143  140  136  134  131  127  121  112   99   86   74   65
   58   53   50   49   50   53   56   59   61   64   66   67   68   69   70   70
   70   69   68   68   69   69   69   67   64   62   62   63   66   70   73   75
   73   70   67   67   72   79   88   97  107
    45.0-180.0 180.0   5.0 450.0                            LAT/LON1/LON2/DLON/H
  118  126  133  139  145  152  159  164  168  169  170  172  176  180  182  180
  174  166  159  152  147  142  139  138  136  133  127  117  104   90   78   70
   64   60   58   58   60   63   66   69   71   73   74   76   77   78   79   79
   78   77   76   76   76   76   75   72   68   65   64   65   68   72   76   77
   76   73   70   72   77   86   96  107  118
    42.5-180.0 180.0   5.0 450.0                            LAT/LON1/LON2/DLON/H
  129  138  145  150  156  162  168  172  175  176  177  180  186  191  194  192
  187  179  171  163  156  151  147  146  144  140  132  121  107   93   82   75
   71   68   66   66   68   72   75   77   78   80   82   83   84   85   85   85
   84   83   82   82   82   81   80   76   71   68   66   68   70   74   77   78
   77   74   73   75   82   92  105  117  129
    40.0-180.0 180.0   5.0 450.0                            LAT/LON1/LON2/DLON/H
  139  149  156  162  169  174  179  182  183  183  184  188  194  201  205  205
  201  194  185  176  169  163  159  157  154  149  139  127  112   98   87   81
   77   75   73   74   76   79   81   83   85   86   87   89   90   90   90   89
   88   87   86   86   86   85   83   79   74   70   68   70   72   75   77   78
   77   75   74   78   87   99  113  127  139
    37.5-180.0 180.0   5.0 450.0                            LAT/LON1/LON2/DLON/H
  148  158  166  174  181  187  191  192  191  190  190  194  200  208  213  216
  214  208  200  192  184  176  171  169  165  159  148  134  118  104   94   87
   83   81   80   80   83   86   88   90   90   91   91   92   92   92   91   89
   88   88   88   88   89   88   86   82   77   72   71   71   74   76   77   77
   76   74   75   81   91  105  120  135  148
    35.0-180.0 180.0   5.0 450.0                            LAT/LON1/LON2/DLON/H
  154  165  174  183  192  199  203  203  200  198  197  199  204  211  219  223
  224  220  213  206  198  189  182  178  175  169  157  143  128  114  103   95
   90   88   87   88   90   93   95   96   96   95   94   93   93   91   89   87
   87   87   88   89   90   90   88   85   80   75   73   74   75   76   76   76
   74   74   76   83   95  110  126  142  154
    32.5-180.0 180.0   5.0 450.0                            LAT/LON1/LON2/DLON/H
  160  170  180  191  202  211  215  215  212  208  205  205  209  215  222  228
  230  227  223  218  210  199  189  184  183  178  168  156  142  128  116  107
  100   97   97   98  101  104  105  105  103   99   95   93   91   89   87   85
   84   86   88   90   91   91   90   87   83   79   76   76   77   77   77   75
   73   73   77   85   98  115  132  147  160
    30.0-180.0 180.0   5.0 450.0                            LAT/LON1/LON2/DLON/H
  164  174  185  198  211  222  228  230  227  222  217  215  216  220  227  233
  236  235  232  228  220  206  193  187  187  187  181  173  161  148  135  124
  116  112  112  114  116  118  118  116  110  103   96   92   90   87   84   82
   82   84   87   89   91   91   91   89   86   83   80   79   79   79   77   75
   73   73   77   86  101  119  137  152  164
    27.5-180.0 180.0   5.0 450.0                            LAT/LON1/LON2/DLON/H
  169  180  192  205  221  235  244  248  246  241  234  229  228  231  238  244
  247  246  244  241  232  215  197  190  193  198  198  194  186  175  163  151
  140  135  135  136  137  136  133  127  118  106   96   90   88   86   83   81
   81   84   86   88   90   91   91   91   89   87   83   81   80   80   78   75
   73   73   77   88  103  122  141  157  169
    25.0-180.0 180.0   5.0 450.0                            LAT/LON1/LON2/DLON/H
  175  187  200  216  234  251  264  271  271  265  257  251  249  252  258  265
  268  268  265  261  250  229  208  199  204  213  218  220  218  211  201  188
  175  167  165  164  161  155  148  137  124  109   96   89   87   86   83   81
   82   83   86   87   88   89   90   91   91   89   86   83   81   80   78   75
   73   72   77   88  106  126  145  162  175
    22.5-180.0 180.0   5.0 450.0                            LAT/LON1/LON2/DLON/H
  182  196  212  230  251  273  290  300  302  296  288  282  280  283  291  299
  304  303  299  291  277  253  228  217  223  235  245  253  257  255  248  235
  219  206  198  193  184  173  159  144  126  109   95   89   88   87   85   82
   82   83   85   85   86   87   88   89   90   90   86   83   80   79   76   73
   71   72   77   90  108  130  150  167  182
    20.0-180.0 180.0   5.0 450.0                            LAT/LON1/LON2/DLON/H
  191  208  226  248  274  301  323  336  339  334  326  321  321  326  334  345
  353  353  347  335  317  289  261  249  253  265  278  291  301  304  299  285
  263  244  231  218  203  185  165  145  125  107   95   90   90   89   87   84
   82   83   83   83   83   83   84   86   88   88   85   81   78   75   72   70
   68   70   77   91  111  133  155  174  191
    17.5-180.0 180.0   5.0 450.0                            LAT/LON1/LON2/DLON/H
  202  222  244  270  301  334  361  377  382  378  371  370  373  379  388  400
  411  414  405  389  366  335  306  291  292  301  315  331  345  351  347  330
  303  277  256  237  215  190  165  142  122  106   96   93   93   92   89   85
   82   81   81   80   80   79   79   81   83   84   82   79   75   71   67   65
   65   68   78   94  115  138  161  182  202
    15.0-180.0 180.0   5.0 450.0                            LAT/LON1/LON2/DLON/H
  214  237  263  293  329  367  399  419  427  427  424  429  435  441  448  460
  474  479  469  450  423  390  358  338  334  340  352  368  383  389  384  363
  332  298  271  246  219  190  163  140  122  109  102  100   99   96   91   86
   82   79   78   77   77   76   75   76   79   81   79   76   71   66   62   59
   61   67   79   97  119  143  167  191  214
    12.5-180.0 180.0   5.0 450.0                            LAT/LON1/LON2/DLON/H
  227  254  283  317  356  397  432  455  468  473  478  492  505  510  512  522
  536  543  534  513  484  449  413  387  377  378  386  400  411  413  403  378
  343  307  276  247  219  190  164  143  129  120  115  111  107  102   94   87
   82   78   77   76   75   73   72   73   75   77   76   73   68   63   58   55
   58   66   80  100  124  149  174  200  227
    10.0-180.0 180.0   5.0 450.0                            LAT/LON1/LON2/DLON/H
  239  271  303  338  378  419  454  478  495  508  523  549  570  575  572  578
  592  601  596  576  547  509  467  433  416  412  415  422  426  420  404  378
  343  307  275  247  220  194  172  156  147  142  136  128  119  109   99   90
   83   79   77   75   74   72   71   71   74   76   75   71   67   61   56   54
   56   66   82  104  129  155  181  209  239
     7.5-180.0 180.0   5.0 450.0                            LAT/LON1/LON2/DLON/H
  250  285  320  355  393  429  459  482  502  523  550  587  617  624  619  622
  636  648  647  632  605  565  515  471  448  440  437  436  430  416  395  368
  336  304  275  250  227  207  191  182  176  171  162  149  134  120  106   96
   88   83   79   77   76   74   72   72   75   76   74   70   67   63   58   54
   57   67   84  107  134  160  187  217  250
     5.0-180.0 180.0   5.0 450.0                            LAT/LON1/LON2/DLON/H
  258  294  332  368  402  431  451  466  485  511  548  595  635  646  641  644
  659  674  680  673  650  609  553  501  472  461  453  443  428  407  383  358
  331  304  280  260  242  229  219  214  209  202  189  171  152  133  117  105
   96   89   84   81   79   77   75   75   77   78   75   71   69   66   62   58
   59   68   86  111  138  165  193  223  258
     2.5-180.0 180.0   5.0 450.0                            LAT/LON1/LON2/DLON/H
  260  298  337  375  407  429  437  442  454  478  515  565  610  629  631  638
  655  675  688  688  672  634  576  521  489  475  461  444  423  398  375  354
  333  312  293  276  263  254  248  245  240  230  214  192  170  150  132  118
  106   97   91   86   84   81   79   79   81   81   77   74   72   71   67   62
   62   71   89  114  142  169  196  226  260
