jprg3330.16i
     1.0            IONOSPHERE MAPS     GPS                 IONEX VERSION / TYPE
GIM V3.0            JPL - GNISD         29-nov-2016 07:09   PGM / RUN BY / DATE 
JPL'S GLOBAL IONOSPHERE MAPS YEAR 2016 DAY 333              COMMENT             
Global Ionospheric Maps (GIM) are generated on an hourly    DESCRIPTION         
and daily basis at JPL using data from up to 100 GPS sites  DESCRIPTION         
of the IGS and others institutions.                         DESCRIPTION         
The vertical TEC is modeled in a solar-geomagnetic          DESCRIPTION         
reference frame using bi-cubic splines on a spherical grid. DESCRIPTION         
A Kalman filter is used to solve simultaneously for         DESCRIPTION         
instrumental biases and VTEC on the grid (as stochastic     DESCRIPTION         
parameters).                                                DESCRIPTION         
Contact Address:  gpsiono@cobra.jpl.nasa.gov .              DESCRIPTION         
  2016    11    28     0     0     0                        EPOCH OF FIRST MAP  
  2016    11    29     0     0     0                        EPOCH OF LAST MAP   
  7200                                                      INTERVAL            
    13                                                      # OF MAPS IN FILE   
  NONE                                                      MAPPING FUNCTION    
    10.0                                                    ELEVATION CUTOFF    
One-way carrier phase leveled to code                       OBSERVABLES USED    
   170                                                      # OF STATIONS       
    31                                                      # OF SATELLITES     
  6371.0                                                    BASE RADIUS         
     2                                                      MAP DIMENSION       
   450.0 450.0   0.0                                        HGT1 / HGT2 / DHGT  
    87.5 -87.5  -2.5                                        LAT1 / LAT2 / DLAT  
  -180.0 180.0   5.0                                        LON1 / LON2 / DLON  
    -1                                                      EXPONENT            
TEC/RMS values in 0.1 TECU; 9999, if no value available     COMMENT             
                                                            END OF HEADER       
[from data line 4290]
    11                                                      START OF TEC MAP    
  2016    11    28    20     0     0                        EPOCH OF CURRENT MAP
    87.5-180.0 180.0   5.0 450.0                            LAT/LON1/LON2/DLON/H
   59   59   60   60   60   60   60   61   61   60   60   60   60   60   59   59
   58   58   57   57   56   56   55   54   54   53   53   52   51   51   50   50
   50   49   49   49   49   49   48   48   48   48   49   49   49   49   49   49
   50   50   50   51   51   51   52   52   52   53   53   54   54   55   55   55
   56   56   57   57   58   58   58   59   59
    85.0-180.0 180.0   5.0 450.0                            LAT/LON1/LON2/DLON/H
   63   63   64   65   65   66   66   67   67   67   67   67   67   66   66   65
   64   63   62   61   59   58   56   55   54   52   51   50   49   48   47   46
   46   45   45   45   45   45   45   45   45   45   46   46   46   47   47   48
   48   48   49   49   50   50   51   51   52   52   53   53   54   55   55   56
   57   57   58   59   60   60   61   62   63
    82.5-180.0 180.0   5.0 450.0                            LAT/LON1/LON2/DLON/H
   63   64   65   66   68   69   70   71   72   73   74   74   74   73   72   71
   70   68   67   65   62   60   58   56   54   52   50   48   47   45   44   43
   42   42   41   41   41   41   42   43   43   44   45   45   46   47   47   48
   48   48   49   49   49   50   50   51   51   51   52   52   53   54   54   55
   56   56   57   58   59   60   61   62   63
    80.0-180.0 180.0   5.0 450.0                            LAT/LON1/LON2/DLON/H
   60   61   63   65   67   69   71   73   75   77   78   79   80   80   79   78
   76   74   71   68   65   62   59   56   53   51   48   46   44   42   41   39
   39   38   38   38   38   39   40   41   42   43   45   46   47   47   48   49
   49   49   49   50   50   50   50   50   50   50   50   51   51   51   52   52
   53   53   54   55   56   56   57   59   60
    77.5-180.0 180.0   5.0 450.0                            LAT/LON1/LON2/DLON/H
   54   56   58   60   63   66   69   72   75   78   81   83   84   85   85   83
   81   79   75   72   68   64   60   56   53   49   47   44   42   40   38   37
   36   35   35   35   35   36   38   39   41   43   44   46   47   48   48   49
   49   49   49   49   50   49   49   49   49   48   48   48   47   47   47   47
   48   48   49   49   50   51   52   53   54
    75.0-180.0 180.0   5.0 450.0                            LAT/LON1/LON2/DLON/H
   48   49   52   54   57   60   64   68   72   77   81   85   88   89   90   89
   86   83   79   74   69   65   60   55   51   48   45   42   40   38   36   35
   34   33   33   33   33   34   35   37   39   41   43   45   46   47   47   47
   47   48   48   48   48   48   48   47   47   46   45   44   43   42   41   41
   41   41   41   42   43   44   45   46   48
    72.5-180.0 180.0   5.0 450.0                            LAT/LON1/LON2/DLON/H
   42   44   46   49   52   56   60   64   69   75   80   85   90   92   93   92
   90   86   81   76   71   66   60   55   50   46   43   40   37   35   34   33
   32   31   31   31   32   32   33   35   37   39   41   42   43   44   44   44
   44   44   44   45   45   46   46   46   45   44   42   40   38   37   36   35
   34   34   34   35   36   37   38   40   42
    70.0-180.0 180.0   5.0 450.0                            LAT/LON1/LON2/DLON/H
   38   41   44   47   50   54   57   62   67   73   80   86   91   94   95   95
   92   89   85   80   74   68   62   56   50   45   41   38   35   33   32   31
   31   30   30   30   30   30   31   32   34   35   37   38   39   39   39   39
   39   39   40   41   42   43   44   44   43   42   40   38   35   33   31   30
   29   29   29   29   30   32   34   36   38
    67.5-180.0 180.0   5.0 450.0                            LAT/LON1/LON2/DLON/H
   38   43   47   50   54   56   59   63   68   74   80   86   91   95   96   96
   95   92   89   84   78   72   65   58   51   45   40   36   34   32   31   30
   30   29   29   29   28   28   28   28   29   30   32   33   34   34   34   34
   34   34   35   37   39   41   43   44   43   42   40   38   35   32   30   28
   27   26   26   26   27   29   32   35   38
    65.0-180.0 180.0   5.0 450.0                            LAT/LON1/LON2/DLON/H
   42   47   53   57   61   64   66   69   72   77   82   88   92   96   98   98
   98   97   94   90   85   78   70   62   54   47   41   36   33   31   30   29
   29   29   28   27   26   25   24   24   25   26   27   29   30   30   30   30
   30   31   32   35   38   40   43   44   44   44   42   40   38   35   33   31
   29   28   27   27   28   30   33   37   42
    62.5-180.0 180.0   5.0 450.0                            LAT/LON1/LON2/DLON/H
   47   54   61   67   72   75   77   78   80   83   87   90   94   97  100  101
  102  102  101   98   92   85   77   68   59   50   43   37   34   32   31   30
   29   29   27   26   24   22   21   21   22   23   25   27   28   29   29   29
   29   30   32   34   37   41   44   46   47   47   46   45   43   41   39   37
   35   33   32   32   32   34   37   41   47
    60.0-180.0 180.0   5.0 450.0                            LAT/LON1/LON2/DLON/H
   54   62   70   78   84   87   89   90   90   91   93   95   98  101  103  105
  107  108  107  105  100   93   85   75   65   55   47   41   37   34   33   32
   31   30   28   25   23   21   20   20   21   24   26   28   30   31   31   31
   31   31   33   36   39   43   46   49   50   51   52   51   50   48   46   44
   42   41   39   39   39   40   43   47   54
    57.5-180.0 180.0   5.0 450.0                            LAT/LON1/LON2/DLON/H
   61   69   79   88   95  100  102  102  101  100  100  101  103  106  109  111
  112  113  113  112  107  100   92   82   71   61   53   46   42   40   38   37
   35   33   30   27   24   22   22   23   26   29   32   34   36   36   36   35
   35   35   37   40   43   46   50   53   55   56   57   57   57   56   54   52
   50   48   47   46   46   47   49   54   61
    55.0-180.0 180.0   5.0 450.0                            LAT/LON1/LON2/DLON/H
   67   76   86   97  106  112  114  114  112  110  109  109  110  113  115  117
  118  118  118  116  112  106   98   89   78   69   60   54   50   47   45   43
   40   37   34   31   28   27   29   31   35   39   42   44   45   44   43   42
   41   41   43   45   49   52   55   58   60   61   62   63   62   61   60   58
   56   54   53   52   52   53   55   60   67
    52.5-180.0 180.0   5.0 450.0                            LAT/LON1/LON2/DLON/H
   74   83   93  105  115  122  126  125  123  120  118  117  119  121  123  124
  124  123  122  119  115  110  103   94   85   77   69   63   59   55   52   49
   46   43   40   38   37   37   40   44   48   52   55   56   56   55   52   50
   49   49   50   53   56   59   62   64   65   66   67   67   66   65   64   62
   60   57   55   55   55   57   61   66   74
    50.0-180.0 180.0   5.0 450.0                            LAT/LON1/LON2/DLON/H
   81   90  101  113  124  133  137  137  134  131  128  127  128  130  132  131
  130  127  125  122  118  113  107  100   93   85   78   72   67   63   59   56
   53   50   49   48   48   50   54   58   63   66   68   69   68   66   63   60
   58   57   58   61   64   67   69   70   71   70   70   70   69   68   66   64
   61   58   56   55   57   60   66   73   81
    47.5-180.0 180.0   5.0 450.0                            LAT/LON1/LON2/DLON/H
   90   99  110  122  133  143  147  148  145  142  138  137  138  140  141  140
  137  133  129  125  121  117  112  107  100   94   87   81   75   69   65   61
   58   57   58   59   61   63   67   72   76   79   81   81   79   77   73   70
   67   66   67   69   72   74   76   76   75   74   73   73   71   70   68   65
   61   57   54   54   57   62   70   80   90
    45.0-180.0 180.0   5.0 450.0                            LAT/LON1/LON2/DLON/H
   99  110  120  131  143  152  158  159  157  153  150  148  149  151  151  149
  145  140  135  130  126  123  119  114  109  102   95   87   80   73   67   63
   62   63   66   69   72   75   79   82   86   88   90   90   89   87   83   79
   75   73   73   75   78   80   81   81   79   77   76   75   73   72   69   65
   61   57   53   53   57   64   75   88   99
    42.5-180.0 180.0   5.0 450.0                            LAT/LON1/LON2/DLON/H
  111  122  131  141  152  162  168  170  168  165  161  159  160  161  162  160
  155  150  143  138  134  131  128  124  118  111  102   93   83   74   68   65
   65   68   73   77   81   83   85   88   91   94   96   97   97   95   91   86
   81   78   78   80   82   84   84   83   81   80   78   77   76   74   71   67
   63   58   54   54   58   68   81   97  111
    40.0-180.0 180.0   5.0 450.0                            LAT/LON1/LON2/DLON/H
  123  134  143  152  162  172  178  181  180  176  172  169  170  171  172  171
  167  160  154  148  144  141  138  134  128  120  109   97   86   76   69   67
   68   73   78   83   85   86   88   90   93   97  100  102  102  100   96   90
   84   80   79   81   83   85   85   84   82   81   80   79   77   75   73   70
   66   61   58   57   62   73   89  107  123
    37.5-180.0 180.0   5.0 450.0                            LAT/LON1/LON2/DLON/H
  135  147  155  163  171  180  187  192  192  187  182  179  178  180  182  181
  178  172  165  160  155  152  149  144  137  128  116  102   89   78   72   71
   73   78   82   86   87   87   87   89   93   99  103  106  106  103   98   91
   84   79   78   80   83   84   84   83   82   82   81   80   79   77   74   72
   69   65   62   62   67   79   98  118  135
    35.0-180.0 180.0   5.0 450.0                            LAT/LON1/LON2/DLON/H
  148  160  168  174  181  188  195  200  201  196  190  186  185  187  190  191
  189  184  178  171  167  162  158  152  145  135  122  107   93   82   77   77
   81   84   87   88   88   87   87   90   95  101  106  108  107  104   98   90
   83   78   77   79   82   83   82   82   82   82   81   80   79   77   75   73
   71   69   67   67   72   86  107  129  148
    32.5-180.0 180.0   5.0 450.0                            LAT/LON1/LON2/DLON/H
  160  173  181  185  189  193  199  204  206  203  197  192  191  193  197  200
  200  196  190  183  176  170  164  158  151  141  127  112   99   90   86   88
   92   94   94   93   90   88   88   92   98  106  111  111  108  103   96   89
   81   76   75   77   80   81   81   80   80   81   80   79   77   75   73   72
   72   72   70   71   77   93  116  140  160
    30.0-180.0 180.0   5.0 450.0                            LAT/LON1/LON2/DLON/H
  171  186  194  197  197  197  199  204  208  206  200  196  195  197  201  206
  208  206  200  193  184  175  167  160  154  146  133  119  108  101   99  103
  107  108  105  101   96   93   94   98  104  112  116  114  109  102   95   87
   80   76   75   77   79   80   79   79   79   79   78   76   73   71   69   69
   70   71   72   73   81   98  123  149  171
    27.5-180.0 180.0   5.0 450.0                            LAT/LON1/LON2/DLON/H
  180  197  206  208  205  201  200  203  206  205  202  199  197  199  204  209
  213  213  208  200  190  178  168  161  158  152  141  129  119  115  116  121
  126  126  121  113  106  102  101  105  112  118  121  118  111  103   95   87
   81   78   77   78   79   79   77   77   77   77   75   72   68   65   63   64
   66   68   70   74   83  102  128  155  180
    25.0-180.0 180.0   5.0 450.0                            LAT/LON1/LON2/DLON/H
  187  207  217  220  215  208  204  204  206  206  204  201  199  199  203  209
  214  215  212  203  192  180  169  164  163  161  153  142  134  133  137  144
  151  150  141  129  119  112  110  114  119  124  125  121  113  104   96   88
   83   81   80   80   79   78   76   75   75   73   71   67   62   58   56   57
   60   63   67   73   83  103  131  160  187
    22.5-180.0 180.0   5.0 450.0                            LAT/LON1/LON2/DLON/H
  193  215  228  233  230  223  217  215  215  213  210  206  202  200  200  204
  209  212  210  203  192  180  171  169  173  175  170  161  154  154  161  170
  177  175  162  146  132  122  119  121  125  128  128  123  115  107   98   90
   86   84   84   82   80   77   74   73   71   69   65   60   55   51   49   49
   53   57   63   70   83  104  133  164  193
    20.0-180.0 180.0   5.0 450.0                            LAT/LON1/LON2/DLON/H
  198  222  239  247  250  248  245  241  237  232  227  220  212  204  198  198
  201  204  203  197  189  181  176  180  188  194  192  183  177  178  186  196
  202  197  180  159  141  130  125  126  128  130  130  126  118  109  100   93
   89   88   87   84   80   76   73   70   67   63   59   53   48   43   41   42
   45   51   58   68   83  105  135  168  198
    17.5-180.0 180.0   5.0 450.0                            LAT/LON1/LON2/DLON/H
  204  230  250  263  274  282  286  285  279  269  257  245  231  216  203  196
  194  195  194  191  186  182  184  194  208  217  217  208  201  201  209  217
  220  211  191  166  145  133  128  129  132  134  134  130  123  113  102   95
   92   91   89   85   80   75   71   67   62   58   52   47   41   36   34   35
   39   44   53   66   84  108  139  172  204
    15.0-180.0 180.0   5.0 450.0                            LAT/LON1/LON2/DLON/H
  211  239  262  281  301  320  334  340  335  321  304  285  265  242  219  202
  194  191  188  186  184  186  195  211  229  241  242  233  223  222  227  230
  227  214  190  164  144  133  131  134  137  140  141  138  128  116  104   97
   94   93   91   86   81   75   70   64   58   52   47   41   35   31   29   30
   34   40   50   65   87  113  145  179  211
    12.5-180.0 180.0   5.0 450.0                            LAT/LON1/LON2/DLON/H
  220  249  274  298  325  355  380  395  394  380  359  337  313  283  251  223
  204  194  188  186  188  194  209  230  250  263  264  254  242  239  238  234
  223  206  182  157  141  134  136  142  148  153  154  150  137  120  106   99
   97   96   93   88   82   75   69   62   55   49   43   37   32   28   27   28
   32   38   49   67   91  120  153  187  220
    10.0-180.0 180.0   5.0 450.0                            LAT/LON1/LON2/DLON/H
  230  260  287  312  343  379  414  438  444  432  412  391  366  333  295  257
  227  208  198  195  198  208  225  248  269  281  280  268  256  249  243  231
  213  193  171  152  141  140  147  156  165  172  174  168  150  126  109  103
  101   99   95   90   84   77   69   61   54   48   41   36   32   30   29   31
   34   39   51   71   97  128  161  196  230
     7.5-180.0 180.0   5.0 450.0                            LAT/LON1/LON2/DLON/H
  238  270  298  323  352  388  426  458  473  468  453  437  415  383  342  298
  258  231  216  212  215  226  244  266  285  293  291  278  265  257  246  226
  203  183  165  153  149  154  166  178  189  197  198  188  165  136  117  110
  108  104   99   93   87   79   70   62   55   49   43   38   36   35   35   37
   40   46   58   78  105  136  169  204  238
     5.0-180.0 180.0   5.0 450.0                            LAT/LON1/LON2/DLON/H
  245  278  306  330  354  384  420  454  474  476  470  463  450  424  385  337
  291  258  241  235  237  248  265  284  298  304  299  286  274  265  250  226
  201  183  171  166  169  178  191  205  216  223  223  210  184  151  129  121
  117  111  104   98   91   82   72   63   57   52   46   41   41   43   44   46
   50   57   70   88  113  142  175  210  245
     2.5-180.0 180.0   5.0 450.0                            LAT/LON1/LON2/DLON/H
  248  282  312  334  352  374  403  434  454  460  462  464  461  445  414  369
  322  287  268  261  263  272  286  301  311  313  307  295  284  274  258  235
  212  199  192  192  197  207  219  231  242  247  245  231  203  170  147  136
  128  119  110  103   96   86   75   66   60   56   50   47   48   52   55   57
   62   71   83  100  122  148  179  212  248
