jprg3050.16i
     1.0            IONOSPHERE MAPS     GPS                 IONEX VERSION / TYPE
GIM V3.0            JPL - GNISD         01-nov-2016 06:43   PGM / RUN BY / DATE 
JPL'S GLOBAL IONOSPHERE MAPS YEAR 2016 DAY 305              COMMENT             
Global Ionospheric Maps (GIM) are generated on an hourly    DESCRIPTION         
and daily basis at JPL using data from up to 100 GPS sites  DESCRIPTION         
of the IGS and others institutions.                         DESCRIPTION         
The vertical TEC is modeled in a solar-geomagnetic          DESCRIPTION         
reference frame using bi-cubic splines on a spherical grid. DESCRIPTION         
A Kalman filter is used to solve simultaneously for         DESCRIPTION         
instrumental biases and VTEC on the grid (as stochastic     DESCRIPTION         
parameters).                                                DESCRIPTION         
Contact Address:  gpsiono@cobra.jpl.nasa.gov .              DESCRIPTION         
  2016    10    31     0     0     0                        EPOCH OF FIRST MAP  
  2016    11     1     0     0     0                        EPOCH OF LAST MAP   
  7200                                                      INTERVAL            
    13                                                      # OF MAPS IN FILE   
  NONE                                                      MAPPING FUNCTION    
    10.0                                                    ELEVATION CUTOFF    
One-way carrier phase leveled to code                       OBSERVABLES USED    
   170                                                      # OF STATIONS       
    31                                                      # OF SATELLITES     
  6371.0                                                    BASE RADIUS         
     2                                                      MAP DIMENSION       
   450.0 450.0   0.0                                        HGT1 / HGT2 / DHGT  
    87.5 -87.5  -2.5                                        LAT1 / LAT2 / DLAT  
  -180.0 180.0   5.0                                        LON1 / LON2 / DLON  
    -1                                                      EXPONENT            
TEC/RMS values in 0.1 TECU; 9999, if no value available     COMMENT             
                                                            END OF HEADER       
[from data line 1287]
     4                                                      START OF TEC MAP    
  2016    10    31     6     0     0                        EPOCH OF CURRENT MAP
    87.5-180.0 180.0   5.0 450.0                            LAT/LON1/LON2/DLON/H
   43   43   43   43   43   42   42   42   42   42   42   42   42   43   43   43
   43   43   43   43   43   44   44   44   44   44   44   45   45   45   45   45
   45   46   46   46   46   46   46   47   47   47   47   47   47   47   47   47
   47   47   47   47   47   47   47   47   47   46   46   46   46   45   45   45
   45   44   44   44   44   44   43   43   43
    85.0-180.0 180.0   5.0 450.0                            LAT/LON1/LON2/DLON/H
   40   40   40   40   39   39   39   40   40   40   40   40   40   40   40   41
   41   41   41   41   42   42   42   43   43   43   44   44   44   45   45   45
   46   46   46   46   47   47   47   47   48   48   48   48   48   49   49   49
   49   49   49   49   49   49   49   49   48   48   48   47   47   46   46   45
   44   44   43   42   42   41   41   40   40
    82.5-180.0 180.0   5.0 450.0                            LAT/LON1/LON2/DLON/H
   37   37   37   37   37   37   37   37   38   38   38   38   38   39   39   39
   39   39   40   40   40   41   41   41   42   42   43   43   44   44   45   45
   45   46   46   46   47   47   47   47   48   48   48   48   49   49   50   50
   50   51   51   51   51   51   51   51   51   51   50   49   49   48   47   46
   44   43   42   41   40   39   38   38   37
    80.0-180.0 180.0   5.0 450.0                            LAT/LON1/LON2/DLON/H
   35   34   34   35   35   36   36   37   37   37   38   38   38   38   38   38
   39   39   39   39   40   40   41   41   42   42   43   43   44   44   45   45
   45   45   46   46   46   46   46   46   47   47   48   48   49   50   50   51
   52   53   53   54   54   55   55   55   55   55   54   54   53   51   50   48
   46   44   42   41   39   38   36   35   35
    77.5-180.0 180.0   5.0 450.0                            LAT/LON1/LON2/DLON/H
   34   34   34   34   35   35   36   37   37   38   38   38   38   38   38   38
   39   39   39   39   40   40   41   42   42   43   43   44   44   45   45   45
   45   45   45   45   44   44   44   44   45   46   47   48   49   50   52   53
   54   55   56   58   59   60   60   61   61   61   61   60   59   57   55   53
   50   48   45   42   40   38   36   35   34
    75.0-180.0 180.0   5.0 450.0                            LAT/LON1/LON2/DLON/H
   35   34   34   35   35   36   37   38   38   39   39   39   39   39   39   39
   39   40   40   41   41   42   42   43   44   44   45   45   45   46   46   45
   45   44   44   43   42   42   42   42   43   44   46   47   49   52   54   56
   58   59   61   63   64   66   67   68   69   69   69   69   67   66   63   60
   57   54   50   46   43   40   37   36   35
    72.5-180.0 180.0   5.0 450.0                            LAT/LON1/LON2/DLON/H
   37   36   36   36   36   37   38   39   39   40   40   40   40   40   40   40
   41   41   42   42   43   43   44   45   45   46   46   46   47   47   46   46
   45   43   42   41   40   39   39   40   41   43   45   48   51   54   57   60
   63   65   67   68   70   72   74   76   77   78   78   78   77   75   72   69
   65   61   57   52   48   44   41   38   37
    70.0-180.0 180.0   5.0 450.0                            LAT/LON1/LON2/DLON/H
   40   38   37   37   37   38   39   39   40   41   41   41   41   41   41   42
   42   43   43   44   45   45   46   46   47   47   47   47   47   47   46   45
   44   42   40   39   37   36   36   37   39   42   45   50   54   58   62   66
   69   71   73   75   77   79   81   83   85   86   86   86   85   83   81   78
   74   69   64   59   54   49   45   42   40
    67.5-180.0 180.0   5.0 450.0                            LAT/LON1/LON2/DLON/H
   43   41   39   38   37   38   38   39   40   41   42   42   42   43   43   43
   44   45   45   46   46   46   47   47   47   48   48   48   47   47   46   44
   43   41   39   37   35   33   34   35   38   42   47   52   58   63   68   72
   75   78   80   82   84   86   88   89   91   92   92   92   91   90   87   85
   81   76   71   66   60   55   50   46   43
    65.0-180.0 180.0   5.0 450.0                            LAT/LON1/LON2/DLON/H
   47   43   40   38   37   36   37   38   39   40   42   42   43   43   44   44
   45   46   47   47   47   47   47   47   47   47   47   47   46   46   44   43
   42   40   37   35   33   31   31   33   37   42   49   55   62   69   74   79
   82   84   86   88   90   92   93   94   95   96   96   95   94   93   91   89
   86   82   77   71   65   60   55   50   47
    62.5-180.0 180.0   5.0 450.0                            LAT/LON1/LON2/DLON/H
   50   46   42   39   36   35   34   35   37   39   41   42   43   43   44   45
   46   47   47   47   46   46   46   46   46   46   46   45   45   44   43   42
   40   39   37   34   32   30   30   33   38   44   52   60   68   74   80   84
   88   90   92   94   96   98   99   99   99   99   98   97   96   94   93   91
   89   85   81   75   69   64   59   54   50
    60.0-180.0 180.0   5.0 450.0                            LAT/LON1/LON2/DLON/H
   54   49   44   39   36   33   33   33   35   37   39   40   42   43   44   46
   47   47   47   46   45   44   44   44   44   44   44   44   43   42   41   40
   39   38   36   34   32   30   31   34   40   49   57   66   74   81   86   90
   93   96   99  101  103  105  105  105  104  103  101   99   98   96   95   94
   92   88   84   79   73   68   63   58   54
    57.5-180.0 180.0   5.0 450.0                            LAT/LON1/LON2/DLON/H
   58   53   47   41   37   34   32   33   34   35   37   39   40   42   44   46
   47   47   46   45   43   42   42   42   42   42   42   42   42   41   39   38
   38   37   37   35   33   32   33   38   46   55   65   75   82   88   93   96
   99  102  106  109  112  114  114  113  112  109  107  104  102   99   98   96
   95   92   88   82   77   72   67   63   58
    55.0-180.0 180.0   5.0 450.0                            LAT/LON1/LON2/DLON/H
   63   57   51   45   40   37   35   34   35   35   36   38   39   41   43   45
   46   46   45   43   41   40   40   39   39   40   41   41   41   40   39   37
   37   37   38   37   36   36   38   44   54   65   75   84   91   96  100  103
  106  110  115  119  123  126  126  126  124  121  117  114  110  106  104  102
  100   97   93   87   82   76   72   68   63
    52.5-180.0 180.0   5.0 450.0                            LAT/LON1/LON2/DLON/H
   67   62   56   50   45   42   40   38   38   38   38   38   39   40   43   45
   46   45   43   41   39   38   38   38   38   39   40   41   41   40   39   37
   37   38   39   40   40   41   45   53   63   76   87   95  101  105  108  111
  115  120  126  132  137  140  141  141  139  136  131  126  121  116  112  109
  107  104  100   94   88   82   77   72   67
    50.0-180.0 180.0   5.0 450.0                            LAT/LON1/LON2/DLON/H
   71   65   60   55   51   48   47   45   44   42   41   41   41   41   43   44
   45   44   42   40   39   38   38   38   38   39   41   42   43   42   40   39
   39   40   42   44   45   48   53   62   74   87   98  106  111  114  116  119
  125  132  139  146  151  155  156  156  154  150  145  139  133  126  121  117
  115  112  108  102   95   89   82   76   71
    47.5-180.0 180.0   5.0 450.0                            LAT/LON1/LON2/DLON/H
   72   68   64   60   58   56   55   53   51   49   47   46   44   43   43   45
   46   45   44   42   41   41   41   40   41   41   43   44   45   44   43   42
   42   44   46   48   50   54   61   71   84   97  108  116  120  122  124  128
  135  143  152  159  164  167  168  167  164  160  154  148  141  134  128  124
  122  120  116  110  103   95   86   78   72
    45.0-180.0 180.0   5.0 450.0                            LAT/LON1/LON2/DLON/H
   73   69   66   65   64   63   63   61   59   57   55   52   49   47   45   46
   48   49   49   48   48   47   47   47   47   47   47   48   48   48   48   47
   47   48   50   52   55   60   68   79   92  106  116  124  128  130  132  137
  144  153  162  168  172  174  173  171  167  162  156  150  144  138  132  128
  126  125  122  117  109  100   89   80   73
    42.5-180.0 180.0   5.0 450.0                            LAT/LON1/LON2/DLON/H
   73   69   68   68   69   70   70   69   67   65   63   60   56   52   49   49
   52   55   57   58   59   59   58   57   56   55   54   53   53   53   53   53
   52   53   54   55   59   64   73   85   99  112  123  130  134  137  140  145
  152  161  168  173  174  173  171  167  162  155  149  144  140  136  132  128
  126  126  125  120  113  103   91   80   73
    40.0-180.0 180.0   5.0 450.0                            LAT/LON1/LON2/DLON/H
   72   69   69   70   72   74   76   76   75   73   71   69   64   58   54   54
   58   63   68   72   74   73   72   70   68   65   63   60   58   58   58   57
   57   57   57   58   61   67   77   89  103  117  127  135  141  145  149  153
  159  166  170  172  171  169  165  159  153  146  140  136  135  133  130  126
  124  124  123  121  115  105   92   80   72
    37.5-180.0 180.0   5.0 450.0                            LAT/LON1/LON2/DLON/H
   72   68   68   71   74   77   79   80   81   81   80   78   73   67   62   62
   67   74   80   86   88   88   85   82   79   76   71   66   63   62   62   60
   59   59   59   59   62   68   79   93  107  120  131  140  147  153  157  161
  165  169  171  171  169  167  162  157  150  143  137  135  135  135  132  127
  123  122  122  120  115  106   93   81   72
    35.0-180.0 180.0   5.0 450.0                            LAT/LON1/LON2/DLON/H
   73   68   66   69   73   77   81   83   85   86   87   87   84   79   74   73
   78   84   92   98  101  100   97   93   89   85   78   72   67   65   63   61
   59   59   59   60   62   69   81   95  109  122  134  144  153  161  167  170
  172  173  174  173  173  172  170  166  160  154  149  146  146  146  141  134
  128  125  123  121  116  108   96   83   73
    32.5-180.0 180.0   5.0 450.0                            LAT/LON1/LON2/DLON/H
   76   68   64   65   69   74   79   83   87   90   92   94   94   91   88   87
   90   95  101  106  108  106  103   99   95   90   83   76   70   67   63   59
   57   58   59   60   63   71   84   98  112  124  136  148  160  170  177  180
  180  180  180  183  187  193  196  195  191  186  182  178  176  171  163  151
  141  135  131  127  121  112  100   87   76
    30.0-180.0 180.0   5.0 450.0                            LAT/LON1/LON2/DLON/H
   82   70   63   61   64   69   75   80   85   90   95   99  101  102  100  100
  101  103  106  109  109  107  103  100   96   92   86   79   73   68   62   57
   55   56   58   60   64   74   88  103  115  126  139  152  166  178  186  189
  190  190  194  202  215  229  239  242  241  238  234  228  221  211  196  179
  165  157  149  141  131  121  108   95   82
    27.5-180.0 180.0   5.0 450.0                            LAT/LON1/LON2/DLON/H
   92   78   66   60   60   64   69   75   81   86   93   99  105  108  109  109
  108  107  107  108  107  104  100   98   96   93   88   82   75   68   61   55
   53   54   57   60   67   78   94  108  119  129  142  157  173  186  196  200
  201  204  213  229  251  274  291  298  299  298  294  286  274  258  236  214
  197  185  174  161  148  134  120  106   92
    25.0-180.0 180.0   5.0 450.0                            LAT/LON1/LON2/DLON/H
  108   91   75   64   61   62   66   71   75   81   87   95  102  108  111  112
  110  107  105  103  101   97   95   94   95   94   91   86   78   70   61   55
   53   54   57   62   70   84  100  114  124  134  147  163  179  194  205  210
  214  221  236  259  290  321  343  352  355  355  352  342  326  303  277  251
  231  217  203  186  168  152  137  123  108
    22.5-180.0 180.0   5.0 450.0                            LAT/LON1/LON2/DLON/H
  130  112   92   76   68   66   67   69   72   76   81   88   94  101  105  106
  105  101   98   96   93   91   90   92   96   99   97   92   82   71   62   57
   55   55   57   63   74   89  107  121  131  140  154  170  187  202  214  222
  229  240  261  290  327  362  385  394  397  399  397  387  367  342  312  284
  263  247  231  211  191  172  157  144  130
    20.0-180.0 180.0   5.0 450.0                            LAT/LON1/LON2/DLON/H
  155  136  114   95   83   77   73   72   72   74   77   81   86   91   95   96
   94   92   89   87   86   86   88   94  101  107  107  100   88   74   64   60
   58   57   59   65   78   95  114  129  138  149  163  179  196  212  225  235
  245  260  286  319  356  390  410  417  417  421  422  413  394  367  337  309
  287  270  253  234  214  195  179  167  155
    17.5-180.0 180.0   5.0 450.0                            LAT/LON1/LON2/DLON/H
  181  162  138  117  103   94   87   82   79   78   78   79   81   85   86   86
   83   81   80   80   81   83   88   98  110  118  118  110   94   77   66   63
   62   60   61   68   82  101  120  136  146  157  172  188  206  222  237  250
  263  282  310  343  377  405  421  423  422  427  432  426  407  382  355  328
  304  285  269  252  235  218  203  192  181
    15.0-180.0 180.0   5.0 450.0                            LAT/LON1/LON2/DLON/H
  204  186  161  140  125  114  104   96   91   88   86   84   84   85   84   80
   75   74   74   76   79   84   93  106  121  130  130  119  100   80   68   66
   65   63   63   71   86  106  126  141  153  165  180  197  216  235  252  268
  283  303  331  362  391  412  422  421  419  426  433  430  414  392  368  343
  318  296  281  268  256  242  229  217  204
    12.5-180.0 180.0   5.0 450.0                            LAT/LON1/LON2/DLON/H
  225  205  181  161  146  134  122  112  106  102   99   97   97   98   93   83
   75   72   74   77   83   90  101  116  133  143  140  126  104   82   70   69
   68   66   66   75   91  111  130  146  158  171  187  206  227  248  267  284
  301  321  347  375  399  415  420  418  417  425  434  432  419  401  382  359
  332  308  293  284  276  267  254  240  225
    10.0-180.0 180.0   5.0 450.0                            LAT/LON1/LON2/DLON/H
  242  219  196  178  164  152  138  126  120  117  115  113  116  118  112   97
   84   79   82   87   94  103  114  130  146  153  146  128  105   84   72   71
   70   67   69   78   94  114  133  148  161  174  191  212  236  259  279  297
  314  333  357  381  401  415  421  421  423  432  440  439  428  414  400  380
  352  325  310  303  298  291  279  261  242
     7.5-180.0 180.0   5.0 450.0                            LAT/LON1/LON2/DLON/H
  257  232  209  192  179  165  150  137  130  128  127  128  134  140  135  116
   99   93   96  103  112  121  131  146  159  162  149  128  104   85   75   72
   71   68   70   80   96  115  133  147  161  175  192  215  241  266  286  303
  319  336  357  379  399  415  426  433  440  447  453  450  441  431  423  406
  379  351  333  326  322  316  303  281  257
     5.0-180.0 180.0   5.0 450.0                            LAT/LON1/LON2/DLON/H
  273  246  222  205  191  176  158  143  135  132  133  138  148  158  155  137
  118  111  113  122  131  140  149  161  171  168  150  126  104   87   78   74
   71   68   70   81   97  115  132  146  158  173  192  215  242  267  285  299
  313  329  348  370  392  414  435  450  462  468  469  464  456  450  447  435
  409  380  361  352  346  339  324  301  273
     2.5-180.0 180.0   5.0 450.0                            LAT/LON1/LON2/DLON/H
  291  262  236  217  203  186  166  147  135  130  131  138  151  166  168  153
  136  128  130  139  150  158  164  173  179  173  151  126  105   91   82   77
   71   66   68   80   97  114  129  142  155  170  189  212  238  260  275  287
  300  316  335  357  383  413  443  469  485  490  486  478  470  468  468  459
  435  407  387  375  367  358  344  321  291
